1 136529152
2 15796634
3 3884110
4 1333622
5 577871
6 357864
7 304144
8 332192
9 439883
10 582630
11 786289
12 1018655
13 1299430
14 1632046
15 1937836
16 2184611
17 2351153
18 2486361
19 2509410
20 2453369
21 2365061
22 2278733
23 2242235
24 2254165
25 2328708
26 2515471
27 2776701
28 3140315
29 3537713
30 3984004
31 4441615
32 4851531
33 5199298
34 5493388
35 5699347
36 5773480
37 5714796
38 5548955
39 5244932
40 4855321
41 4414539
42 3994920
43 3591793
44 3144477
45 2701627
46 2276123
47 1888254
48 1520214
49 1209035
50 955612
51 741583
52 574198
53 434320
54 328144
55 243702
56 186346
57 147298
58 121646
59 99779
60 85125
61 73251
62 63742
63 58428
64 52828
65 48316
66 43486
67 42437
68 41640
69 40538
70 38339
71 37280
72 36307
73 34757
74 34700
75 34797
76 33304
77 32471
78 31724
79 31941
80 30605
81 29494
82 28757
83 27510
84 26341
85 24104
86 24022
87 23675
88 23107
89 21847
90 21203
91 20283
92 18240
93 17746
94 16707
95 15873
96 15021
97 14244
98 14455
99 13823
100 13226
101 13344
102 12292
103 11624
104 11816
105 11193
106 11645
107 11154
108 10735
109 10413
110 9890
111 9758
112 9833
113 9229
114 9157
115 9063
116 8814
117 8684
118 8454
119 8256
120 8480
121 8315
122 8528
123 8794
124 8849
125 8467
126 8498
127 8218
128 7805
129 7298
130 6991
131 6921
132 6886
133 6846
134 6604
135 6448
136 6363
137 5901
138 6055
139 6005
140 6044
141 5987
142 5752
143 5935
144 5385
145 5459
146 5767
147 5536
148 5524
149 5832
150 5598
151 5829
152 5411
153 5038
154 4957
155 4555
156 4594
157 4445
158 4755
159 4670
160 4753
161 4525
162 4923
163 5079
164 4931
165 4826
166 4872
167 4939
168 4868
169 4646
170 4487
171 4091
172 4161
173 4207
174 3990
175 4192
176 3932
177 4058
178 3938
179 3820
180 3698
181 3559
182 3521
183 3572
184 3640
185 3449
186 3266
187 3266
188 3297
189 3140
190 3338
191 3216
192 3082
193 3250
194 3069
195 3100
196 3212
197 3178
198 3043
199 2990
200 2931
201 3105
202 2996
203 2925
204 2997
205 2760
206 2645
207 2660
208 2566
209 2431
210 2568
211 2425
212 2477
213 2372
214 2371
215 2454
216 2494
217 2393
218 2339
219 2294
220 2300
221 2290
222 2246
223 2357
224 2286
225 2366
226 2205
227 2230
228 2149
229 2158
230 2009
231 2077
232 2079
233 2058
234 2106
235 2150
236 2169
237 2184
238 2070
239 2120
240 2078
241 2129
242 2038
243 2057
244 2038
245 1979
246 1961
247 1932
248 1896
249 1880
250 1749
251 1875
252 1772
253 1797
254 1644
255 1653
256 1706
257 1700
258 1689
259 1627
260 1708
261 1687
262 1777
263 1740
264 1708
265 1576
266 1648
267 1695
268 1771
269 1774
270 1548
271 1670
272 1817
273 1825
274 1776
275 1839
276 1653
277 1788
278 1800
279 1808
280 1743
281 1760
282 1796
283 1843
284 1692
285 1739
286 1730
287 1741
288 1785
289 1714
290 1887
291 1912
292 1985
293 1873
294 1787
295 1796
296 1741
297 1674
298 1694
299 1678
300 1659
301 1543
302 1441
303 1434
304 1434
305 1410
306 1375
307 1386
308 1386
309 1357
310 1422
311 1379
312 1452
313 1439
314 1351
315 1443
316 1310
317 1392
318 1355
319 1322
320 1442
321 1371
322 1422
323 1378
324 1308
325 1300
326 1294
327 1197
328 1321
329 1266
330 1314
331 1232
332 1330
333 1361
334 1395
335 1388
336 1379
337 1328
338 1410
339 1405
340 1296
341 1333
342 1278
343 1264
344 1197
345 1173
346 1246
347 1250
348 1188
349 1156
350 1161
351 1213
352 1292
353 1227
354 1224
355 1305
356 1324
357 1413
358 1319
359 1348
360 1368
361 1283
362 1434
363 1411
364 1376
365 1347
366 1278
367 1390
368 1372
369 1369
370 1368
371 1319
372 1361
373 1147
374 1247
375 1229
376 1254
377 1106
378 1092
379 1151
380 1156
381 1065
382 1166
383 1195
384 1139
385 1171
386 1065
387 1127
388 1119
389 1085
390 1015
391 987
392 1028
393 1001
394 996
395 1022
396 944
397 951
398 984
399 1021
400 1001
401 955
402 1059
403 1060
404 1096
405 1079
406 1064
407 1084
408 1101
409 1020
410 1038
411 1123
412 1060
413 1000
414 1067
415 1039
416 1106
417 1036
418 1041
419 1047
420 1023
421 977
422 1012
423 1013
424 992
425 1062
426 1050
427 949
428 1065
429 986
430 974
431 847
432 934
433 861
434 882
435 889
436 939
437 825
438 833
439 744
440 859
441 785
442 807
443 825
444 894
445 941
446 897
447 913
448 860
449 890
450 789
451 866
452 852
453 799
454 808
455 865
456 835
457 767
458 769
459 785
460 731
461 824
462 848
463 786
464 789
465 776
466 826
467 781
468 797
469 755
470 802
471 724
472 748
473 750
474 763
475 740
476 728
477 791
478 793
479 729
480 754
481 792
482 776
483 717
484 767
485 789
486 764
487 736
488 721
489 758
490 643
491 703
492 643
493 599
494 634
495 629
496 653
497 648
498 686
499 672
500 705
501 747
502 683
503 676
504 593
505 632
506 594
507 643
508 634
509 600
510 581
511 607
512 633
513 638
514 565
515 518
516 565
517 548
518 585
519 522
520 602
521 589
522 551
523 496
524 543
525 579
526 565
527 549
528 518
529 602
530 544
531 582
532 573
533 591
534 572
535 510
536 511
537 524
538 479
539 551
540 530
541 563
542 565
543 605
544 572
545 615
546 632
547 632
548 635
549 628
550 598
551 609
552 623
553 605
554 653
555 596
556 651
557 658
558 667
559 700
560 677
561 710
562 702
563 719
564 741
565 762
566 800
567 887
568 1039
569 1022
570 1106
571 1151
572 1333
573 1298
574 1172
575 1315
576 1328
577 1328
578 1404
579 1370
580 1156
581 1103
582 946
583 937
584 829
585 835
586 686
587 636
588 511
589 503
590 449
591 391
592 429
593 384
594 412
595 410
596 410
597 430
598 426
599 425
600 448
601 447
602 391
603 413
604 426
605 350
606 381
607 343
608 363
609 411
610 344
611 388
612 431
613 417
614 380
615 423
616 390
617 380
618 384
619 374
620 351
621 390
622 344
623 383
624 352
625 388
626 362
627 361
628 440
629 425
630 401
631 413
632 365
633 404
634 371
635 389
636 394
637 395
638 376
639 402
640 373
641 379
642 379
643 423
644 404
645 412
646 415
647 421
648 455
649 458
650 493
651 454
652 471
653 494
654 458
655 478
656 471
657 449
658 497
659 402
660 449
661 435
662 421
663 379
664 425
665 453
666 495
667 537
668 525
669 484
670 496
671 474
672 476
673 503
674 489
675 507
676 474
677 426
678 438
679 453
680 474
681 421
682 427
683 384
684 409
685 392
686 408
687 428
688 414
689 390
690 358
691 349
692 389
693 386
694 380
695 371
696 337
697 355
698 329
699 333
700 319
701 332
702 325
703 378
704 332
705 349
706 340
707 334
708 341
709 327
710 328
711 344
712 362
713 315
714 316
715 302
716 308
717 296
718 281
719 286
720 269
721 269
722 263
723 274
724 294
725 279
726 270
727 261
728 267
729 251
730 242
731 280
732 242
733 292
734 279
735 238
736 258
737 249
738 295
739 253
740 257
741 316
742 300
743 314
744 312
745 292
746 262
747 253
748 287
749 305
750 313
751 250
752 250
753 284
754 286
755 253
756 278
757 246
758 245
759 273
760 224
761 280
762 279
763 270
764 248
765 249
766 291
767 307
768 318
769 281
770 324
771 314
772 279
773 321
774 339
775 265
776 289
777 293
778 287
779 301
780 271
781 304
782 287
783 294
784 297
785 308
786 275
787 287
788 276
789 264
790 277
791 251
792 223
793 274
794 298
795 280
796 269
797 256
798 255
799 235
800 253
801 271
802 254
803 251
804 239
805 257
806 261
807 223
808 246
809 259
810 265
811 262
812 248
813 254
814 217
815 239
816 240
817 298
818 232
819 273
820 239
821 249
822 232
823 223
824 200
825 205
826 213
827 241
828 232
829 195
830 221
831 231
832 217
833 235
834 247
835 252
836 261
837 256
838 246
839 215
840 230
841 224
842 194
843 207
844 232
845 197
846 208
847 232
848 206
849 231
850 216
851 199
852 177
853 234
854 225
855 227
856 220
857 223
858 194
859 214
860 195
861 198
862 188
863 203
864 240
865 199
866 200
867 214
868 209
869 201
870 227
871 237
872 190
873 215
874 207
875 238
876 190
877 182
878 215
879 253
880 238
881 242
882 215
883 228
884 261
885 225
886 250
887 254
888 229
889 246
890 286
891 228
892 216
893 236
894 232
895 234
896 236
897 269
898 261
899 222
900 224
901 220
902 232
903 241
904 249
905 228
906 263
907 277
908 273
909 283
910 272
911 214
912 235
913 212
914 240
915 239
916 251
917 261
918 253
919 261
920 249
921 223
922 257
923 227
924 222
925 242
926 248
927 251
928 265
929 251
930 236
931 237
932 205
933 238
934 200
935 220
936 212
937 182
938 207
939 190
940 211
941 171
942 159
943 165
944 173
945 165
946 191
947 155
948 132
949 160
950 131
951 160
952 148
953 158
954 124
955 142
956 153
957 160
958 136
959 149
960 141
961 130
962 118
963 123
964 151
965 163
966 144
967 164
968 134
969 106
970 148
971 177
972 171
973 157
974 158
975 174
976 161
977 146
978 139
979 152
980 117
981 151
982 165
983 166
984 145
985 145
986 152
987 172
988 163
989 136
990 151
991 153
992 171
993 125
994 137
995 149
996 160
997 171
998 179
999 167
1000 168
