-2105606.66679037 4259013.93304364
-2102614.20995499 4259013.93304364
-2099621.75311961 4259013.93304364
-2108599.12362575 4262006.38987902
-2105606.66679037 4262006.38987902
-2102614.20995499 4262006.38987902
-2099621.75311961 4262006.38987902
-2096629.29628423 4262006.38987902
-2111591.58046112 4264998.8467144
-2108599.12362575 4264998.8467144
-2105606.66679037 4264998.8467144
-2102614.20995499 4264998.8467144
-2099621.75311961 4264998.8467144
-2096629.29628423 4264998.8467144
-2111591.58046112 4267991.30354978
-2108599.12362575 4267991.30354978
-2105606.66679037 4267991.30354978
-2102614.20995499 4267991.30354978
-2099621.75311961 4267991.30354978
-2096629.29628423 4267991.30354978
-2093636.83944885 4267991.30354978
-2111591.58046112 4270983.76038516
-2108599.12362575 4270983.76038516
-2105606.66679037 4270983.76038516
-2102614.20995499 4270983.76038516
-2099621.75311961 4270983.76038516
-2096629.29628423 4270983.76038516
-2093636.83944885 4270983.76038516
-2090644.38261347 4270983.76038516
-2087651.92577809 4270983.76038516
-2111591.58046112 4273976.21722054
-2108599.12362575 4273976.21722054
-2105606.66679037 4273976.21722054
-2102614.20995499 4273976.21722054
-2099621.75311961 4273976.21722054
-2096629.29628423 4273976.21722054
-2093636.83944885 4273976.21722054
-2090644.38261347 4273976.21722054
-2108599.12362575 4276968.67405592
-2105606.66679037 4276968.67405592
-2102614.20995499 4276968.67405592
-2099621.75311961 4276968.67405592
-2096629.29628423 4276968.67405592
