-1793820.49606866 3443762.50266112
-1802818.08280819 3446761.69824097
-1799818.88722835 3446761.69824097
-1796819.69164851 3446761.69824097
-1793820.49606866 3446761.69824097
-1808816.47396788 3449760.89382081
-1805817.27838804 3449760.89382081
-1802818.08280819 3449760.89382081
-1799818.88722835 3449760.89382081
-1796819.69164851 3449760.89382081
-1814814.86512757 3452760.08940065
-1811815.66954772 3452760.08940065
-1808816.47396788 3452760.08940065
-1805817.27838804 3452760.08940065
-1802818.08280819 3452760.08940065
-1799818.88722835 3452760.08940065
-1820813.25628725 3455759.2849805
-1817814.06070741 3455759.2849805
-1814814.86512757 3455759.2849805
-1811815.66954772 3455759.2849805
-1808816.47396788 3455759.2849805
-1805817.27838804 3455759.2849805
-1802818.08280819 3455759.2849805
-1799818.88722835 3455759.2849805
-1826811.64744694 3458758.48056034
-1823812.4518671 3458758.48056034
-1820813.25628725 3458758.48056034
-1817814.06070741 3458758.48056034
-1814814.86512757 3458758.48056034
-1811815.66954772 3458758.48056034
-1808816.47396788 3458758.48056034
-1805817.27838804 3458758.48056034
-1802818.08280819 3458758.48056034
-1832810.03860663 3461757.67614018
-1829810.84302679 3461757.67614018
-1826811.64744694 3461757.67614018
-1823812.4518671 3461757.67614018
-1820813.25628725 3461757.67614018
-1817814.06070741 3461757.67614018
-1814814.86512757 3461757.67614018
-1811815.66954772 3461757.67614018
-1808816.47396788 3461757.67614018
-1805817.27838804 3461757.67614018
-1838808.42976632 3464756.87172003
-1835809.23418647 3464756.87172003
-1832810.03860663 3464756.87172003
-1829810.84302679 3464756.87172003
-1826811.64744694 3464756.87172003
-1823812.4518671 3464756.87172003
-1820813.25628725 3464756.87172003
-1817814.06070741 3464756.87172003
-1814814.86512757 3464756.87172003
-1811815.66954772 3464756.87172003
-1808816.47396788 3464756.87172003
-1805817.27838804 3464756.87172003
-1844806.820926 3467756.06729987
-1841807.62534616 3467756.06729987
-1838808.42976632 3467756.06729987
-1835809.23418647 3467756.06729987
-1832810.03860663 3467756.06729987
-1829810.84302679 3467756.06729987
-1826811.64744694 3467756.06729987
-1823812.4518671 3467756.06729987
-1820813.25628725 3467756.06729987
-1817814.06070741 3467756.06729987
-1814814.86512757 3467756.06729987
-1811815.66954772 3467756.06729987
-1808816.47396788 3467756.06729987
-1856803.60324538 3470755.26287971
-1853804.40766553 3470755.26287971
-1850805.21208569 3470755.26287971
-1847806.01650585 3470755.26287971
-1844806.820926 3470755.26287971
-1841807.62534616 3470755.26287971
-1838808.42976632 3470755.26287971
-1835809.23418647 3470755.26287971
-1832810.03860663 3470755.26287971
-1829810.84302679 3470755.26287971
-1826811.64744694 3470755.26287971
-1823812.4518671 3470755.26287971
-1820813.25628725 3470755.26287971
-1817814.06070741 3470755.26287971
-1814814.86512757 3470755.26287971
-1811815.66954772 3470755.26287971
-1874798.77672444 3473754.45845956
-1871799.58114459 3473754.45845956
-1868800.38556475 3473754.45845956
-1865801.18998491 3473754.45845956
-1862801.99440506 3473754.45845956
-1859802.79882522 3473754.45845956
-1856803.60324538 3473754.45845956
-1853804.40766553 3473754.45845956
-1850805.21208569 3473754.45845956
-1847806.01650585 3473754.45845956
-1844806.820926 3473754.45845956
-1841807.62534616 3473754.45845956
-1838808.42976632 3473754.45845956
-1835809.23418647 3473754.45845956
-1832810.03860663 3473754.45845956
-1829810.84302679 3473754.45845956
-1826811.64744694 3473754.45845956
-1823812.4518671 3473754.45845956
-1820813.25628725 3473754.45845956
-1817814.06070741 3473754.45845956
-1814814.86512757 3473754.45845956
-1892793.9502035 3476753.6540394
-1889794.75462366 3476753.6540394
-1886795.55904381 3476753.6540394
-1883796.36346397 3476753.6540394
-1880797.16788412 3476753.6540394
-1877797.97230428 3476753.6540394
-1874798.77672444 3476753.6540394
-1871799.58114459 3476753.6540394
-1868800.38556475 3476753.6540394
-1865801.18998491 3476753.6540394
-1862801.99440506 3476753.6540394
-1859802.79882522 3476753.6540394
-1856803.60324538 3476753.6540394
-1853804.40766553 3476753.6540394
-1850805.21208569 3476753.6540394
-1847806.01650585 3476753.6540394
-1844806.820926 3476753.6540394
-1841807.62534616 3476753.6540394
-1838808.42976632 3476753.6540394
-1835809.23418647 3476753.6540394
-1832810.03860663 3476753.6540394
-1829810.84302679 3476753.6540394
-1826811.64744694 3476753.6540394
-1823812.4518671 3476753.6540394
-1820813.25628725 3476753.6540394
-1817814.06070741 3476753.6540394
-1901791.53694303 3479752.84961924
-1898792.34136319 3479752.84961924
-1895793.14578334 3479752.84961924
-1892793.9502035 3479752.84961924
-1889794.75462366 3479752.84961924
-1886795.55904381 3479752.84961924
-1883796.36346397 3479752.84961924
-1880797.16788412 3479752.84961924
-1877797.97230428 3479752.84961924
-1874798.77672444 3479752.84961924
-1871799.58114459 3479752.84961924
-1868800.38556475 3479752.84961924
-1865801.18998491 3479752.84961924
-1862801.99440506 3479752.84961924
-1859802.79882522 3479752.84961924
-1856803.60324538 3479752.84961924
-1853804.40766553 3479752.84961924
-1850805.21208569 3479752.84961924
-1847806.01650585 3479752.84961924
-1844806.820926 3479752.84961924
-1841807.62534616 3479752.84961924
-1838808.42976632 3479752.84961924
-1835809.23418647 3479752.84961924
-1832810.03860663 3479752.84961924
-1829810.84302679 3479752.84961924
-1826811.64744694 3479752.84961924
-1823812.4518671 3479752.84961924
-1820813.25628725 3479752.84961924
-1907789.92810272 3482752.04519909
-1904790.73252287 3482752.04519909
-1901791.53694303 3482752.04519909
-1898792.34136319 3482752.04519909
-1895793.14578334 3482752.04519909
-1892793.9502035 3482752.04519909
-1889794.75462366 3482752.04519909
-1886795.55904381 3482752.04519909
-1883796.36346397 3482752.04519909
-1880797.16788412 3482752.04519909
-1877797.97230428 3482752.04519909
-1874798.77672444 3482752.04519909
-1871799.58114459 3482752.04519909
-1868800.38556475 3482752.04519909
-1865801.18998491 3482752.04519909
-1862801.99440506 3482752.04519909
-1859802.79882522 3482752.04519909
-1856803.60324538 3482752.04519909
-1853804.40766553 3482752.04519909
-1850805.21208569 3482752.04519909
-1847806.01650585 3482752.04519909
-1844806.820926 3482752.04519909
-1841807.62534616 3482752.04519909
-1838808.42976632 3482752.04519909
-1835809.23418647 3482752.04519909
-1832810.03860663 3482752.04519909
-1829810.84302679 3482752.04519909
-1826811.64744694 3482752.04519909
-1823812.4518671 3482752.04519909
-1910789.12368256 3485751.24077893
-1907789.92810272 3485751.24077893
-1904790.73252287 3485751.24077893
-1901791.53694303 3485751.24077893
-1898792.34136319 3485751.24077893
-1895793.14578334 3485751.24077893
-1892793.9502035 3485751.24077893
-1889794.75462366 3485751.24077893
-1886795.55904381 3485751.24077893
-1883796.36346397 3485751.24077893
-1880797.16788412 3485751.24077893
-1877797.97230428 3485751.24077893
-1874798.77672444 3485751.24077893
-1871799.58114459 3485751.24077893
-1868800.38556475 3485751.24077893
-1865801.18998491 3485751.24077893
-1862801.99440506 3485751.24077893
-1859802.79882522 3485751.24077893
-1856803.60324538 3485751.24077893
-1853804.40766553 3485751.24077893
-1850805.21208569 3485751.24077893
-1847806.01650585 3485751.24077893
-1844806.820926 3485751.24077893
-1841807.62534616 3485751.24077893
-1838808.42976632 3485751.24077893
-1835809.23418647 3485751.24077893
-1832810.03860663 3485751.24077893
-1829810.84302679 3485751.24077893
-1826811.64744694 3485751.24077893
-1913788.3192624 3488750.43635877
-1910789.12368256 3488750.43635877
-1907789.92810272 3488750.43635877
-1904790.73252287 3488750.43635877
-1901791.53694303 3488750.43635877
-1898792.34136319 3488750.43635877
-1895793.14578334 3488750.43635877
-1892793.9502035 3488750.43635877
-1889794.75462366 3488750.43635877
-1886795.55904381 3488750.43635877
-1883796.36346397 3488750.43635877
-1880797.16788412 3488750.43635877
-1877797.97230428 3488750.43635877
-1874798.77672444 3488750.43635877
-1871799.58114459 3488750.43635877
-1868800.38556475 3488750.43635877
-1865801.18998491 3488750.43635877
-1862801.99440506 3488750.43635877
-1859802.79882522 3488750.43635877
-1856803.60324538 3488750.43635877
-1853804.40766553 3488750.43635877
-1850805.21208569 3488750.43635877
-1847806.01650585 3488750.43635877
-1844806.820926 3488750.43635877
-1841807.62534616 3488750.43635877
-1838808.42976632 3488750.43635877
-1835809.23418647 3488750.43635877
-1832810.03860663 3488750.43635877
-1829810.84302679 3488750.43635877
-1919786.71042209 3491749.63193862
-1916787.51484225 3491749.63193862
-1913788.3192624 3491749.63193862
-1910789.12368256 3491749.63193862
-1907789.92810272 3491749.63193862
-1904790.73252287 3491749.63193862
-1901791.53694303 3491749.63193862
-1898792.34136319 3491749.63193862
-1895793.14578334 3491749.63193862
-1892793.9502035 3491749.63193862
-1889794.75462366 3491749.63193862
-1886795.55904381 3491749.63193862
-1883796.36346397 3491749.63193862
-1880797.16788412 3491749.63193862
-1877797.97230428 3491749.63193862
-1874798.77672444 3491749.63193862
-1871799.58114459 3491749.63193862
-1868800.38556475 3491749.63193862
-1865801.18998491 3491749.63193862
-1862801.99440506 3491749.63193862
-1859802.79882522 3491749.63193862
-1856803.60324538 3491749.63193862
-1853804.40766553 3491749.63193862
-1850805.21208569 3491749.63193862
-1847806.01650585 3491749.63193862
-1844806.820926 3491749.63193862
-1841807.62534616 3491749.63193862
-1838808.42976632 3491749.63193862
-1835809.23418647 3491749.63193862
-1832810.03860663 3491749.63193862
-1922785.90600193 3494748.82751846
-1919786.71042209 3494748.82751846
-1916787.51484225 3494748.82751846
-1913788.3192624 3494748.82751846
-1910789.12368256 3494748.82751846
-1907789.92810272 3494748.82751846
-1904790.73252287 3494748.82751846
-1901791.53694303 3494748.82751846
-1898792.34136319 3494748.82751846
-1895793.14578334 3494748.82751846
-1892793.9502035 3494748.82751846
-1889794.75462366 3494748.82751846
-1886795.55904381 3494748.82751846
-1883796.36346397 3494748.82751846
-1880797.16788412 3494748.82751846
-1877797.97230428 3494748.82751846
-1874798.77672444 3494748.82751846
-1871799.58114459 3494748.82751846
-1868800.38556475 3494748.82751846
-1865801.18998491 3494748.82751846
-1862801.99440506 3494748.82751846
-1859802.79882522 3494748.82751846
-1856803.60324538 3494748.82751846
-1853804.40766553 3494748.82751846
-1850805.21208569 3494748.82751846
-1847806.01650585 3494748.82751846
-1844806.820926 3494748.82751846
-1841807.62534616 3494748.82751846
-1838808.42976632 3494748.82751846
-1925785.10158178 3497748.02309831
-1922785.90600193 3497748.02309831
-1919786.71042209 3497748.02309831
-1916787.51484225 3497748.02309831
-1913788.3192624 3497748.02309831
-1910789.12368256 3497748.02309831
-1907789.92810272 3497748.02309831
-1904790.73252287 3497748.02309831
-1901791.53694303 3497748.02309831
-1898792.34136319 3497748.02309831
-1895793.14578334 3497748.02309831
-1892793.9502035 3497748.02309831
-1889794.75462366 3497748.02309831
-1886795.55904381 3497748.02309831
-1883796.36346397 3497748.02309831
-1880797.16788412 3497748.02309831
-1877797.97230428 3497748.02309831
-1874798.77672444 3497748.02309831
-1871799.58114459 3497748.02309831
-1868800.38556475 3497748.02309831
-1865801.18998491 3497748.02309831
-1862801.99440506 3497748.02309831
-1859802.79882522 3497748.02309831
-1856803.60324538 3497748.02309831
-1853804.40766553 3497748.02309831
-1850805.21208569 3497748.02309831
-1847806.01650585 3497748.02309831
-1844806.820926 3497748.02309831
-1841807.62534616 3497748.02309831
-1928784.29716162 3500747.21867815
-1925785.10158178 3500747.21867815
-1922785.90600193 3500747.21867815
-1919786.71042209 3500747.21867815
-1916787.51484225 3500747.21867815
-1913788.3192624 3500747.21867815
-1910789.12368256 3500747.21867815
-1907789.92810272 3500747.21867815
-1904790.73252287 3500747.21867815
-1901791.53694303 3500747.21867815
-1898792.34136319 3500747.21867815
-1895793.14578334 3500747.21867815
-1892793.9502035 3500747.21867815
-1889794.75462366 3500747.21867815
-1886795.55904381 3500747.21867815
-1883796.36346397 3500747.21867815
-1880797.16788412 3500747.21867815
-1877797.97230428 3500747.21867815
-1874798.77672444 3500747.21867815
-1871799.58114459 3500747.21867815
-1868800.38556475 3500747.21867815
-1865801.18998491 3500747.21867815
-1862801.99440506 3500747.21867815
-1859802.79882522 3500747.21867815
-1856803.60324538 3500747.21867815
-1853804.40766553 3500747.21867815
-1850805.21208569 3500747.21867815
-1847806.01650585 3500747.21867815
-1844806.820926 3500747.21867815
-1934782.68832131 3503746.41425799
-1931783.49274146 3503746.41425799
-1928784.29716162 3503746.41425799
-1925785.10158178 3503746.41425799
-1922785.90600193 3503746.41425799
-1919786.71042209 3503746.41425799
-1916787.51484225 3503746.41425799
-1913788.3192624 3503746.41425799
-1910789.12368256 3503746.41425799
-1907789.92810272 3503746.41425799
-1904790.73252287 3503746.41425799
-1901791.53694303 3503746.41425799
-1898792.34136319 3503746.41425799
-1895793.14578334 3503746.41425799
-1892793.9502035 3503746.41425799
-1889794.75462366 3503746.41425799
-1886795.55904381 3503746.41425799
-1883796.36346397 3503746.41425799
-1880797.16788412 3503746.41425799
-1877797.97230428 3503746.41425799
-1874798.77672444 3503746.41425799
-1871799.58114459 3503746.41425799
-1868800.38556475 3503746.41425799
-1865801.18998491 3503746.41425799
-1862801.99440506 3503746.41425799
-1859802.79882522 3503746.41425799
-1856803.60324538 3503746.41425799
-1853804.40766553 3503746.41425799
-1850805.21208569 3503746.41425799
-1934782.68832131 3506745.60983784
-1931783.49274146 3506745.60983784
-1928784.29716162 3506745.60983784
-1925785.10158178 3506745.60983784
-1922785.90600193 3506745.60983784
-1919786.71042209 3506745.60983784
-1916787.51484225 3506745.60983784
-1913788.3192624 3506745.60983784
-1910789.12368256 3506745.60983784
-1907789.92810272 3506745.60983784
-1904790.73252287 3506745.60983784
-1901791.53694303 3506745.60983784
-1898792.34136319 3506745.60983784
-1895793.14578334 3506745.60983784
-1892793.9502035 3506745.60983784
-1889794.75462366 3506745.60983784
-1886795.55904381 3506745.60983784
-1883796.36346397 3506745.60983784
-1880797.16788412 3506745.60983784
-1877797.97230428 3506745.60983784
-1874798.77672444 3506745.60983784
-1871799.58114459 3506745.60983784
-1868800.38556475 3506745.60983784
-1865801.18998491 3506745.60983784
-1862801.99440506 3506745.60983784
-1859802.79882522 3506745.60983784
-1856803.60324538 3506745.60983784
-1853804.40766553 3506745.60983784
-1934782.68832131 3509744.80541768
-1931783.49274146 3509744.80541768
-1928784.29716162 3509744.80541768
-1925785.10158178 3509744.80541768
-1922785.90600193 3509744.80541768
-1919786.71042209 3509744.80541768
-1916787.51484225 3509744.80541768
-1913788.3192624 3509744.80541768
-1910789.12368256 3509744.80541768
-1907789.92810272 3509744.80541768
-1904790.73252287 3509744.80541768
-1901791.53694303 3509744.80541768
-1898792.34136319 3509744.80541768
-1895793.14578334 3509744.80541768
-1892793.9502035 3509744.80541768
-1889794.75462366 3509744.80541768
-1886795.55904381 3509744.80541768
-1883796.36346397 3509744.80541768
-1880797.16788412 3509744.80541768
-1877797.97230428 3509744.80541768
-1874798.77672444 3509744.80541768
-1871799.58114459 3509744.80541768
-1868800.38556475 3509744.80541768
-1865801.18998491 3509744.80541768
-1862801.99440506 3509744.80541768
-1859802.79882522 3509744.80541768
-1934782.68832131 3512744.00099752
-1931783.49274146 3512744.00099752
-1928784.29716162 3512744.00099752
-1925785.10158178 3512744.00099752
-1922785.90600193 3512744.00099752
-1919786.71042209 3512744.00099752
-1916787.51484225 3512744.00099752
-1913788.3192624 3512744.00099752
-1910789.12368256 3512744.00099752
-1907789.92810272 3512744.00099752
-1904790.73252287 3512744.00099752
-1901791.53694303 3512744.00099752
-1898792.34136319 3512744.00099752
-1895793.14578334 3512744.00099752
-1892793.9502035 3512744.00099752
-1889794.75462366 3512744.00099752
-1886795.55904381 3512744.00099752
-1883796.36346397 3512744.00099752
-1880797.16788412 3512744.00099752
-1877797.97230428 3512744.00099752
-1874798.77672444 3512744.00099752
-1871799.58114459 3512744.00099752
-1868800.38556475 3512744.00099752
-1865801.18998491 3512744.00099752
-1934782.68832131 3515743.19657737
-1931783.49274146 3515743.19657737
-1928784.29716162 3515743.19657737
-1925785.10158178 3515743.19657737
-1922785.90600193 3515743.19657737
-1919786.71042209 3515743.19657737
-1916787.51484225 3515743.19657737
-1913788.3192624 3515743.19657737
-1910789.12368256 3515743.19657737
-1907789.92810272 3515743.19657737
-1904790.73252287 3515743.19657737
-1901791.53694303 3515743.19657737
-1898792.34136319 3515743.19657737
-1895793.14578334 3515743.19657737
-1892793.9502035 3515743.19657737
-1889794.75462366 3515743.19657737
-1886795.55904381 3515743.19657737
-1883796.36346397 3515743.19657737
-1880797.16788412 3515743.19657737
-1877797.97230428 3515743.19657737
-1874798.77672444 3515743.19657737
-1871799.58114459 3515743.19657737
-1934782.68832131 3518742.39215721
-1931783.49274146 3518742.39215721
-1928784.29716162 3518742.39215721
-1925785.10158178 3518742.39215721
-1922785.90600193 3518742.39215721
-1919786.71042209 3518742.39215721
-1916787.51484225 3518742.39215721
-1913788.3192624 3518742.39215721
-1910789.12368256 3518742.39215721
-1907789.92810272 3518742.39215721
-1904790.73252287 3518742.39215721
-1901791.53694303 3518742.39215721
-1898792.34136319 3518742.39215721
-1895793.14578334 3518742.39215721
-1892793.9502035 3518742.39215721
-1889794.75462366 3518742.39215721
-1886795.55904381 3518742.39215721
-1883796.36346397 3518742.39215721
-1880797.16788412 3518742.39215721
-1877797.97230428 3518742.39215721
-1937781.88390115 3521741.58773705
-1934782.68832131 3521741.58773705
-1931783.49274146 3521741.58773705
-1928784.29716162 3521741.58773705
-1925785.10158178 3521741.58773705
-1922785.90600193 3521741.58773705
-1919786.71042209 3521741.58773705
-1916787.51484225 3521741.58773705
-1913788.3192624 3521741.58773705
-1910789.12368256 3521741.58773705
-1907789.92810272 3521741.58773705
-1904790.73252287 3521741.58773705
-1901791.53694303 3521741.58773705
-1898792.34136319 3521741.58773705
-1895793.14578334 3521741.58773705
-1892793.9502035 3521741.58773705
-1889794.75462366 3521741.58773705
-1886795.55904381 3521741.58773705
-1883796.36346397 3521741.58773705
-1937781.88390115 3524740.7833169
-1934782.68832131 3524740.7833169
-1931783.49274146 3524740.7833169
-1928784.29716162 3524740.7833169
-1925785.10158178 3524740.7833169
-1922785.90600193 3524740.7833169
-1919786.71042209 3524740.7833169
-1916787.51484225 3524740.7833169
-1913788.3192624 3524740.7833169
-1910789.12368256 3524740.7833169
-1907789.92810272 3524740.7833169
-1904790.73252287 3524740.7833169
-1901791.53694303 3524740.7833169
-1898792.34136319 3524740.7833169
-1895793.14578334 3524740.7833169
-1892793.9502035 3524740.7833169
-1889794.75462366 3524740.7833169
-1937781.88390115 3527739.97889674
-1934782.68832131 3527739.97889674
-1931783.49274146 3527739.97889674
-1928784.29716162 3527739.97889674
-1925785.10158178 3527739.97889674
-1922785.90600193 3527739.97889674
-1919786.71042209 3527739.97889674
-1916787.51484225 3527739.97889674
-1913788.3192624 3527739.97889674
-1910789.12368256 3527739.97889674
-1907789.92810272 3527739.97889674
-1904790.73252287 3527739.97889674
-1901791.53694303 3527739.97889674
-1898792.34136319 3527739.97889674
-1895793.14578334 3527739.97889674
-1937781.88390115 3530739.17447658
-1934782.68832131 3530739.17447658
-1931783.49274146 3530739.17447658
-1928784.29716162 3530739.17447658
-1925785.10158178 3530739.17447658
-1922785.90600193 3530739.17447658
-1919786.71042209 3530739.17447658
-1916787.51484225 3530739.17447658
-1913788.3192624 3530739.17447658
-1910789.12368256 3530739.17447658
-1907789.92810272 3530739.17447658
-1925785.10158178 3533738.37005643
-1922785.90600193 3533738.37005643
-1919786.71042209 3533738.37005643
