-1669436.40917938 4649894.1644102
-1666714.8172493 4652615.75634029
-1666714.8172493 4655337.34827037
-1695988.4987334 4668884.76632156
-1693115.87333458 4668884.76632156
-1695988.4987334 4671757.39172038
-1693115.87333458 4671757.39172038
-1690243.24793575 4671757.39172038
-1690243.24793575 4674630.01711921
-1687370.62253693 4674630.01711921
-1681625.37173928 4674630.01711921
-1928556.23037021 3625489.62314455
-1925652.0757597 3625489.62314455
-1922747.92114919 3625489.62314455
-1925652.0757597 3628393.77775506
-1922747.92114919 3628393.77775506
-1919843.76653868 3628393.77775506
-1922747.92114919 3631297.93236557
-1919843.76653868 3631297.93236557
-1916939.61192817 3631297.93236557
-1694466.04186751 4668355.82805977
-1697285.36055382 4671175.14674607
-1694466.04186751 4671175.14674607
-1691646.72318121 4671175.14674607
-1694466.04186751 4673994.46543238
-1691646.72318121 4673994.46543238
-1611979.15686229 3965727.38931393
-1609245.19645819 3971195.31012213
