-1548556.59008457 4055747.54834744
-1548556.59008457 4058747.61761925
-1545556.52081276 4058747.61761925
-1542556.45154095 4058747.61761925
-1548556.59008457 4061747.68689106
-1545556.52081276 4061747.68689106
-1542556.45154095 4061747.68689106
-1539556.38226914 4061747.68689106
-1536556.31299733 4061747.68689106
-1548556.59008457 4064747.75616287
-1545556.52081276 4064747.75616287
-1542556.45154095 4064747.75616287
-1539556.38226914 4064747.75616287
-1536556.31299733 4064747.75616287
-1533556.24372552 4064747.75616287
-1530556.17445371 4064747.75616287
-1527556.1051819 4064747.75616287
-1524556.03591009 4064747.75616287
-1545556.52081276 4067747.82543468
-1542556.45154095 4067747.82543468
-1539556.38226914 4067747.82543468
-1536556.31299733 4067747.82543468
-1533556.24372552 4067747.82543468
-1530556.17445371 4067747.82543468
-1527556.1051819 4067747.82543468
-1524556.03591009 4067747.82543468
-1521555.96663828 4067747.82543468
-1545556.52081276 4070747.89470649
-1542556.45154095 4070747.89470649
-1539556.38226914 4070747.89470649
-1536556.31299733 4070747.89470649
-1533556.24372552 4070747.89470649
-1530556.17445371 4070747.89470649
-1527556.1051819 4070747.89470649
-1524556.03591009 4070747.89470649
-1521555.96663828 4070747.89470649
-1518555.89736647 4070747.89470649
-1545556.52081276 4073747.9639783
-1542556.45154095 4073747.9639783
-1539556.38226914 4073747.9639783
-1536556.31299733 4073747.9639783
-1533556.24372552 4073747.9639783
-1530556.17445371 4073747.9639783
-1527556.1051819 4073747.9639783
-1524556.03591009 4073747.9639783
-1521555.96663828 4073747.9639783
-1518555.89736647 4073747.9639783
-1515555.82809466 4073747.9639783
-1545556.52081276 4076748.03325011
-1542556.45154095 4076748.03325011
-1539556.38226914 4076748.03325011
-1536556.31299733 4076748.03325011
-1533556.24372552 4076748.03325011
-1530556.17445371 4076748.03325011
-1527556.1051819 4076748.03325011
-1524556.03591009 4076748.03325011
-1521555.96663828 4076748.03325011
-1518555.89736647 4076748.03325011
-1515555.82809466 4076748.03325011
-1512555.75882285 4076748.03325011
-1542556.45154095 4079748.10252192
-1539556.38226914 4079748.10252192
-1536556.31299733 4079748.10252192
-1533556.24372552 4079748.10252192
-1530556.17445371 4079748.10252192
-1527556.1051819 4079748.10252192
-1524556.03591009 4079748.10252192
-1521555.96663828 4079748.10252192
-1518555.89736647 4079748.10252192
-1515555.82809466 4079748.10252192
-1512555.75882285 4079748.10252192
-1509555.68955104 4079748.10252192
-1506555.62027923 4079748.10252192
-1542556.45154095 4082748.17179373
-1539556.38226914 4082748.17179373
-1536556.31299733 4082748.17179373
-1533556.24372552 4082748.17179373
-1530556.17445371 4082748.17179373
-1527556.1051819 4082748.17179373
-1524556.03591009 4082748.17179373
-1521555.96663828 4082748.17179373
-1518555.89736647 4082748.17179373
-1515555.82809466 4082748.17179373
-1512555.75882285 4082748.17179373
-1509555.68955104 4082748.17179373
-1506555.62027923 4082748.17179373
-1542556.45154095 4085748.24106554
-1539556.38226914 4085748.24106554
-1536556.31299733 4085748.24106554
-1533556.24372552 4085748.24106554
-1530556.17445371 4085748.24106554
-1527556.1051819 4085748.24106554
-1524556.03591009 4085748.24106554
-1521555.96663828 4085748.24106554
-1518555.89736647 4085748.24106554
-1515555.82809466 4085748.24106554
-1512555.75882285 4085748.24106554
-1509555.68955104 4085748.24106554
-1506555.62027923 4085748.24106554
-1503555.55100742 4085748.24106554
-1542556.45154095 4088748.31033735
-1539556.38226914 4088748.31033735
-1536556.31299733 4088748.31033735
-1533556.24372552 4088748.31033735
-1530556.17445371 4088748.31033735
-1527556.1051819 4088748.31033735
-1524556.03591009 4088748.31033735
-1521555.96663828 4088748.31033735
-1518555.89736647 4088748.31033735
-1515555.82809466 4088748.31033735
-1512555.75882285 4088748.31033735
-1509555.68955104 4088748.31033735
-1506555.62027923 4088748.31033735
-1503555.55100742 4088748.31033735
-1539556.38226914 4091748.37960916
-1536556.31299733 4091748.37960916
-1533556.24372552 4091748.37960916
-1530556.17445371 4091748.37960916
-1527556.1051819 4091748.37960916
-1524556.03591009 4091748.37960916
-1521555.96663828 4091748.37960916
-1518555.89736647 4091748.37960916
-1515555.82809466 4091748.37960916
-1512555.75882285 4091748.37960916
-1509555.68955104 4091748.37960916
-1506555.62027923 4091748.37960916
-1539556.38226914 4094748.44888097
-1536556.31299733 4094748.44888097
-1533556.24372552 4094748.44888097
-1530556.17445371 4094748.44888097
-1527556.1051819 4094748.44888097
-1524556.03591009 4094748.44888097
-1521555.96663828 4094748.44888097
-1518555.89736647 4094748.44888097
-1515555.82809466 4094748.44888097
-1512555.75882285 4094748.44888097
-1509555.68955104 4094748.44888097
-1506555.62027923 4094748.44888097
-1539556.38226914 4097748.51815278
-1536556.31299733 4097748.51815278
-1533556.24372552 4097748.51815278
-1530556.17445371 4097748.51815278
-1527556.1051819 4097748.51815278
-1524556.03591009 4097748.51815278
-1521555.96663828 4097748.51815278
-1518555.89736647 4097748.51815278
-1515555.82809466 4097748.51815278
-1512555.75882285 4097748.51815278
-1509555.68955104 4097748.51815278
-1536556.31299733 4100748.58742459
-1533556.24372552 4100748.58742459
-1530556.17445371 4100748.58742459
-1527556.1051819 4100748.58742459
-1524556.03591009 4100748.58742459
-1521555.96663828 4100748.58742459
-1518555.89736647 4100748.58742459
-1515555.82809466 4100748.58742459
-1512555.75882285 4100748.58742459
-1536556.31299733 4103748.6566964
-1533556.24372552 4103748.6566964
-1530556.17445371 4103748.6566964
-1527556.1051819 4103748.6566964
-1524556.03591009 4103748.6566964
-1521555.96663828 4103748.6566964
-1518555.89736647 4103748.6566964
-1515555.82809466 4103748.6566964
-1536556.31299733 4106748.72596821
-1533556.24372552 4106748.72596821
-1530556.17445371 4106748.72596821
-1527556.1051819 4106748.72596821
-1524556.03591009 4106748.72596821
-1521555.96663828 4106748.72596821
-1518555.89736647 4106748.72596821
-1536556.31299733 4109748.79524002
-1533556.24372552 4109748.79524002
-1530556.17445371 4109748.79524002
-1527556.1051819 4109748.79524002
-1524556.03591009 4109748.79524002
-1521555.96663828 4109748.79524002
-1533556.24372552 4112748.86451183
-1530556.17445371 4112748.86451183
-1527556.1051819 4112748.86451183
-1524556.03591009 4112748.86451183
-1533556.24372552 4115748.93378364
-1530556.17445371 4115748.93378364
-1527556.1051819 4115748.93378364
-1533556.24372552 4118749.00305545
-1530556.17445371 4118749.00305545
-2307838.48428859 4418867.34152764
-2304958.69573384 4418867.34152764
-2302078.9071791 4418867.34152764
-2310718.27284333 4421747.13008238
-2307838.48428859 4421747.13008238
-2304958.69573384 4421747.13008238
-2302078.9071791 4421747.13008238
-2299199.11862435 4421747.13008238
-2310718.27284333 4424626.91863713
-2307838.48428859 4424626.91863713
-2304958.69573384 4424626.91863713
-2302078.9071791 4424626.91863713
-2307838.48428859 4427506.70719187
-2304958.69573384 4427506.70719187
-2302078.9071791 4427506.70719187
-2143025.09284682 4208272.8844641
-2143025.09284682 4210992.97635176
-2143025.09284682 4213713.06823941
-2143025.09284682 4216433.16012706
-2143025.09284682 4219153.25201471
-2161353.06910826 4233930.01516985
-2160534.36047586 4234748.72380225
-1861315.93270717 4104226.51437632
-1861315.93270717 4107149.7026925
-1858392.74439099 4107149.7026925
-1864239.12102335 4110072.89100869
-1861315.93270717 4110072.89100869
-1858392.74439099 4110072.89100869
-1870085.49765572 4115919.26764106
-1867162.30933954 4115919.26764106
-1864239.12102335 4115919.26764106
-1837036.98381249 3872033.35700978
-1834042.0677199 3872033.35700978
-1831047.1516273 3872033.35700978
-1828052.23553471 3872033.35700978
-1837036.98381249 3875028.27310238
-1834042.0677199 3875028.27310238
-1831047.1516273 3875028.27310238
-1828052.23553471 3875028.27310238
-1834042.0677199 3878023.18919497
-1831047.1516273 3878023.18919497
-1828052.23553471 3878023.18919497
-1825057.31944212 3878023.18919497
-1834042.0677199 3881018.10528756
-1831047.1516273 3881018.10528756
-1828052.23553471 3881018.10528756
-1825057.31944212 3881018.10528756
-1834042.0677199 3884013.02138016
-1831047.1516273 3884013.02138016
-1828052.23553471 3884013.02138016
-1825057.31944212 3884013.02138016
-1822062.40334952 3884013.02138016
-1831047.1516273 3887007.93747275
-1828052.23553471 3887007.93747275
-1825057.31944212 3887007.93747275
-1831047.1516273 3890002.85356535
-1828052.23553471 3890002.85356535
-1795108.15851617 3979850.33634317
-1792113.24242358 3979850.33634317
-1789118.32633099 3979850.33634317
-1795108.15851617 3982845.25243576
-1792113.24242358 3982845.25243576
-1789118.32633099 3982845.25243576
-1786123.41023839 3982845.25243576
-1795108.15851617 3985840.16852836
-1792113.24242358 3985840.16852836
-1789118.32633099 3985840.16852836
-1786123.41023839 3985840.16852836
-1783128.4941458 3985840.16852836
-1792113.24242358 3988835.08462095
-1789118.32633099 3988835.08462095
-1786123.41023839 3988835.08462095
-1783128.4941458 3988835.08462095
-1792113.24242358 3991830.00071355
-1789118.32633099 3991830.00071355
-1786123.41023839 3991830.00071355
-1783128.4941458 3991830.00071355
-1792113.24242358 3994824.91680614
-1789118.32633099 3994824.91680614
-1786123.41023839 3994824.91680614
-1783128.4941458 3994824.91680614
-1780133.5780532 3994824.91680614
-1792113.24242358 3997819.83289873
-1789118.32633099 3997819.83289873
-1786123.41023839 3997819.83289873
-1783128.4941458 3997819.83289873
-1780133.5780532 3997819.83289873
-1789118.32633099 4000814.74899133
-1786123.41023839 4000814.74899133
-1783128.4941458 4000814.74899133
-1780133.5780532 4000814.74899133
-1783128.4941458 4003809.66508392
-1780133.5780532 4003809.66508392
-1807087.82288655 4090662.23176915
-1804092.90679396 4090662.23176915
-1801097.99070136 4090662.23176915
-1798103.07460877 4090662.23176915
-1795108.15851617 4090662.23176915
-1807087.82288655 4093657.14786174
-1804092.90679396 4093657.14786174
-1801097.99070136 4093657.14786174
-1798103.07460877 4093657.14786174
-1795108.15851617 4093657.14786174
-1810082.73897914 4096652.06395434
-1807087.82288655 4096652.06395434
-1804092.90679396 4096652.06395434
-1801097.99070136 4096652.06395434
-1798103.07460877 4096652.06395434
-1795108.15851617 4096652.06395434
-1810082.73897914 4099646.98004693
-1807087.82288655 4099646.98004693
-1804092.90679396 4099646.98004693
-1801097.99070136 4099646.98004693
-1798103.07460877 4099646.98004693
-1810082.73897914 4102641.89613953
-1807087.82288655 4102641.89613953
-1804092.90679396 4102641.89613953
-1801097.99070136 4102641.89613953
-1810082.73897914 4105636.81223212
-1807087.82288655 4105636.81223212
-1804092.90679396 4105636.81223212
-1810082.73897914 4108631.72832471
-1807087.82288655 4108631.72832471
-1804092.90679396 4108631.72832471
-1810082.73897914 4111626.64441731
-1807087.82288655 4111626.64441731
-1810082.73897914 4114621.5605099
-1807087.82288655 4114621.5605099
-1807087.82288655 4117616.4766025
-1807087.82288655 4123606.30878768
-1804092.90679396 4123606.30878768
-1801097.99070136 4123606.30878768
-1807087.82288655 4126601.22488028
-1804092.90679396 4126601.22488028
-1801097.99070136 4126601.22488028
-1798103.07460877 4126601.22488028
-1807087.82288655 4129596.14097287
-1804092.90679396 4129596.14097287
-1801097.99070136 4129596.14097287
-1798103.07460877 4129596.14097287
-1807087.82288655 4132591.05706547
-1804092.90679396 4132591.05706547
-1801097.99070136 4132591.05706547
-1798103.07460877 4132591.05706547
-1807087.82288655 4135585.97315806
-1804092.90679396 4135585.97315806
-1801097.99070136 4135585.97315806
-1798103.07460877 4135585.97315806
-1801097.99070136 4138580.88925065
-1807087.82288655 4162540.21799141
-1828052.23553471 4168530.0501766
-1828052.23553471 4174519.88236178
-1822062.40334952 4177514.79845438
-1834042.0677199 4198479.21110254
-1840031.89990509 4207463.95938032
-1837036.98381249 4216448.7076581
-1834042.0677199 4216448.7076581
-1834042.0677199 4219443.62375069
