-1149426.1521944 3079986.5821974
-1639049.39649493 3942750.2147139
-1639049.39649493 3945679.317929
-1636120.29327983 3945679.317929
-1639049.39649493 3948608.4211441
-1636120.29327983 3948608.4211441
-1633191.19006473 3948608.4211441
-1636120.29327983 3951537.5243592
-1669236.01670662 4060290.77283003
-1666231.26984745 4060290.77283003
-1663226.52298828 4060290.77283003
-1660221.77612912 4060290.77283003
-1657217.02926995 4060290.77283003
-1669236.01670662 4063295.5196892
-1666231.26984745 4063295.5196892
-1663226.52298828 4063295.5196892
-1660221.77612912 4063295.5196892
-1657217.02926995 4063295.5196892
-1672240.76356579 4066300.26654837
-1669236.01670662 4066300.26654837
-1666231.26984745 4066300.26654837
-1663226.52298828 4066300.26654837
-1660221.77612912 4066300.26654837
-1657217.02926995 4066300.26654837
-1663226.52298828 4069305.01340754
-1660221.77612912 4069305.01340754
-1657217.02926995 4069305.01340754
-1654212.28241078 4069305.01340754
-1666231.26984745 4072309.76026671
-1663226.52298828 4072309.76026671
-1660221.77612912 4072309.76026671
-1657217.02926995 4072309.76026671
-1666231.26984745 4075314.50712587
-1663226.52298828 4075314.50712587
-1660221.77612912 4075314.50712587
-1669236.01670662 4078319.25398504
-1666231.26984745 4078319.25398504
-1663226.52298828 4078319.25398504
-1660221.77612912 4078319.25398504
-1669236.01670662 4081324.00084421
-1666231.26984745 4081324.00084421
-1663226.52298828 4081324.00084421
-1660221.77612912 4081324.00084421
-1657217.02926995 4081324.00084421
-1663226.52298828 4084328.74770338
-1660221.77612912 4084328.74770338
-1657217.02926995 4084328.74770338
-1663226.52298828 4087333.49456255
-1660221.77612912 4087333.49456255
-1657217.02926995 4087333.49456255
-1654212.28241078 4087333.49456255
-1651207.53555161 4087333.49456255
-1663226.52298828 4090338.24142172
-1660221.77612912 4090338.24142172
-1657217.02926995 4090338.24142172
-1654212.28241078 4090338.24142172
-1651207.53555161 4090338.24142172
-1663226.52298828 4093342.98828088
-1660221.77612912 4093342.98828088
-1657217.02926995 4093342.98828088
-1654212.28241078 4093342.98828088
-1651207.53555161 4093342.98828088
-1657217.02926995 4096347.73514005
-1654212.28241078 4096347.73514005
-1651207.53555161 4096347.73514005
-1648202.78869244 4096347.73514005
-1654212.28241078 4099352.48199922
-1651207.53555161 4099352.48199922
-1648202.78869244 4099352.48199922
-1704756.7495299 3924455.05955059
-1701763.21268053 3924455.05955059
-1710743.82322864 3927448.59639996
-1707750.28637927 3927448.59639996
-1704756.7495299 3927448.59639996
-1701763.21268053 3927448.59639996
-1698769.67583116 3927448.59639996
-1695776.13898179 3927448.59639996
-1713737.36007801 3930442.13324933
-1710743.82322864 3930442.13324933
-1707750.28637927 3930442.13324933
-1704756.7495299 3930442.13324933
-1701763.21268053 3930442.13324933
-1698769.67583116 3930442.13324933
-1695776.13898179 3930442.13324933
-1716730.89692738 3933435.6700987
-1713737.36007801 3933435.6700987
-1710743.82322864 3933435.6700987
-1707750.28637927 3933435.6700987
-1704756.7495299 3933435.6700987
-1701763.21268053 3933435.6700987
-1698769.67583116 3933435.6700987
-1716730.89692738 3936429.20694807
-1713737.36007801 3936429.20694807
-1710743.82322864 3936429.20694807
-1707750.28637927 3936429.20694807
-1704756.7495299 3936429.20694807
-1701763.21268053 3936429.20694807
-1716730.89692738 3939422.74379744
-1713737.36007801 3939422.74379744
-1710743.82322864 3939422.74379744
-1707750.28637927 3939422.74379744
-1704756.7495299 3939422.74379744
-1716730.89692738 3942416.28064681
-1713737.36007801 3942416.28064681
-1710743.82322864 3942416.28064681
-1707750.28637927 3942416.28064681
-1704756.7495299 3942416.28064681
-1713737.36007801 3945409.81749618
-1710743.82322864 3945409.81749618
-1707750.28637927 3945409.81749618
-1704756.7495299 3945409.81749618
-1710743.82322864 3948403.35434555
-1707750.28637927 3948403.35434555
-1704756.7495299 3948403.35434555
-1710743.82322864 3951396.89119493
-1707750.28637927 3951396.89119493
-1704756.7495299 3951396.89119493
-1710743.82322864 3954390.4280443
-1707750.28637927 3954390.4280443
-1704756.7495299 3954390.4280443
-1701763.21268053 3954390.4280443
-1710743.82322864 3957383.96489367
-1707750.28637927 3957383.96489367
-1704756.7495299 3957383.96489367
-1701763.21268053 3957383.96489367
-1710743.82322864 3960377.50174304
-1707750.28637927 3960377.50174304
-1704756.7495299 3960377.50174304
-1701763.21268053 3960377.50174304
-1710743.82322864 3963371.03859241
-1707750.28637927 3963371.03859241
-1704756.7495299 3963371.03859241
-1701763.21268053 3963371.03859241
-1698769.67583116 3963371.03859241
-1710743.82322864 3966364.57544178
-1707750.28637927 3966364.57544178
-1704756.7495299 3966364.57544178
-1701763.21268053 3966364.57544178
-1698769.67583116 3966364.57544178
-1695776.13898179 3966364.57544178
-1710743.82322864 3969358.11229115
-1707750.28637927 3969358.11229115
-1704756.7495299 3969358.11229115
-1701763.21268053 3969358.11229115
-1698769.67583116 3969358.11229115
-1695776.13898179 3969358.11229115
-1710743.82322864 3972351.64914052
-1707750.28637927 3972351.64914052
-1704756.7495299 3972351.64914052
-1701763.21268053 3972351.64914052
-1698769.67583116 3972351.64914052
-1710743.82322864 3975345.18598989
-1707750.28637927 3975345.18598989
-1704756.7495299 3975345.18598989
-1701763.21268053 3975345.18598989
-1698769.67583116 3975345.18598989
-1710743.82322864 3978338.72283926
-1707750.28637927 3978338.72283926
-1704756.7495299 3978338.72283926
-1701763.21268053 3978338.72283926
-1710743.82322864 3981332.25968863
-1707750.28637927 3981332.25968863
-1704756.7495299 3981332.25968863
-1713737.36007801 3984325.796538
-1710743.82322864 3984325.796538
-1707750.28637927 3984325.796538
-1713737.36007801 3987319.33338737
-1710743.82322864 3987319.33338737
-1713737.36007801 3990312.87023674
-1710743.82322864 3990312.87023674
-1713737.36007801 3993306.40708611
-1713737.36007801 3996299.94393548
-1713737.36007801 3999293.48078485
-1710743.82322864 3999293.48078485
-1713737.36007801 4002287.01763422
-1710743.82322864 4002287.01763422
-1710743.82322864 4005280.55448359
-1707750.28637927 4005280.55448359
-1704756.7495299 4005280.55448359
-1701763.21268053 4005280.55448359
-1707750.28637927 4008274.09133296
-1704756.7495299 4008274.09133296
-1701763.21268053 4008274.09133296
-1698769.67583116 4008274.09133296
-1707750.28637927 4011267.62818233
-1704756.7495299 4011267.62818233
-1701763.21268053 4011267.62818233
-1698769.67583116 4011267.62818233
-1695776.13898179 4011267.62818233
-1704756.7495299 4014261.1650317
-1701763.21268053 4014261.1650317
-1698769.67583116 4014261.1650317
-1695776.13898179 4014261.1650317
-1701763.21268053 4017254.70188107
-1698769.67583116 4017254.70188107
-1695776.13898179 4017254.70188107
-1698769.67583116 4020248.23873044
-1695776.13898179 4020248.23873044
-1695776.13898179 4023241.77557981
-1692782.60213242 4026235.31242918
-1686795.52843368 4044196.53352541
-1686795.52843368 4047190.07037478
-1686795.52843368 4050183.60722415
-1686795.52843368 4053177.14407352
-1683801.99158431 4053177.14407352
-1686795.52843368 4056170.68092289
-1683801.99158431 4056170.68092289
-1686795.52843368 4059164.21777226
-1683801.99158431 4059164.21777226
-1680808.45473494 4059164.21777226
-1683801.99158431 4062157.75462163
-1680808.45473494 4062157.75462163
-1683801.99158431 4065151.291471
-1680808.45473494 4065151.291471
-1677814.91788557 4065151.291471
-1683801.99158431 4068144.82832037
-1680808.45473494 4068144.82832037
-1677814.91788557 4068144.82832037
-1683801.99158431 4071138.36516974
-1680808.45473494 4071138.36516974
-1677814.91788557 4071138.36516974
-1680808.45473494 4074131.90201911
-1677814.91788557 4074131.90201911
-1674821.3810362 4074131.90201911
-1680808.45473494 4077125.43886848
-1677814.91788557 4077125.43886848
-1674821.3810362 4077125.43886848
-1680808.45473494 4080118.97571785
-1677814.91788557 4080118.97571785
-1674821.3810362 4080118.97571785
-1677814.91788557 4083112.51256722
-1674821.3810362 4083112.51256722
-1677814.91788557 4086106.04941659
-1674821.3810362 4086106.04941659
-1677814.91788557 4089099.58626596
-1674821.3810362 4089099.58626596
-1677814.91788557 4092093.12311533
-1941724.28625548 3988760.81616311
-1938749.51034399 3988760.81616311
-1944699.06216697 3991735.5920746
-1941724.28625548 3991735.5920746
-1938749.51034399 3991735.5920746
-1944699.06216697 3994710.36798608
-1941724.28625548 3994710.36798608
-1938749.51034399 3994710.36798608
-1935774.7344325 3994710.36798608
-1944699.06216697 3997685.14389757
-1941724.28625548 3997685.14389757
-1938749.51034399 3997685.14389757
-1935774.7344325 3997685.14389757
-1944699.06216697 4000659.91980906
-1941724.28625548 4000659.91980906
-1938749.51034399 4000659.91980906
-1935774.7344325 4000659.91980906
-1944699.06216697 4003634.69572055
-1941724.28625548 4003634.69572055
-1938749.51034399 4003634.69572055
-1935774.7344325 4003634.69572055
-1941724.28625548 4006609.47163204
-1938749.51034399 4006609.47163204
-1935774.7344325 4006609.47163204
-1932799.95852102 4006609.47163204
-1938749.51034399 4009584.24754352
-1935774.7344325 4009584.24754352
-1932799.95852102 4009584.24754352
-1945120.36874032 3990666.22347926
-1945120.36874032 3993492.7800147
-1945120.36874032 3996319.33655013
-1945120.36874032 3999145.89308557
-1945120.36874032 4001972.44962101
-1933090.75182225 4140607.70862511
-1939054.49724686 4143589.58133742
-1936072.62453455 4143589.58133742
-1933090.75182225 4143589.58133742
-1930108.87910995 4143589.58133742
-1927127.00639765 4143589.58133742
-1942036.36995916 4146571.45404972
-1939054.49724686 4146571.45404972
-1936072.62453455 4146571.45404972
-1933090.75182225 4146571.45404972
-1930108.87910995 4146571.45404972
-1927127.00639765 4146571.45404972
-1924145.13368535 4146571.45404972
-1942036.36995916 4149553.32676202
-1939054.49724686 4149553.32676202
-1936072.62453455 4149553.32676202
-1933090.75182225 4149553.32676202
-1930108.87910995 4149553.32676202
-1927127.00639765 4149553.32676202
-1924145.13368535 4149553.32676202
-1942036.36995916 4152535.19947432
-1939054.49724686 4152535.19947432
-1936072.62453455 4152535.19947432
-1933090.75182225 4152535.19947432
-1930108.87910995 4152535.19947432
-1927127.00639765 4152535.19947432
-1924145.13368535 4152535.19947432
-1942036.36995916 4155517.07218662
-1939054.49724686 4155517.07218662
-1936072.62453455 4155517.07218662
-1933090.75182225 4155517.07218662
-1930108.87910995 4155517.07218662
-1927127.00639765 4155517.07218662
-1924145.13368535 4155517.07218662
-1939054.49724686 4158498.94489893
-1936072.62453455 4158498.94489893
-1933090.75182225 4158498.94489893
-1930108.87910995 4158498.94489893
-1927127.00639765 4158498.94489893
-1936072.62453455 4161480.81761123
-1933090.75182225 4161480.81761123
-1930108.87910995 4161480.81761123
-2169324.85806875 3321747.81013467
-2172312.69001097 3324735.64207689
-2169324.85806875 3324735.64207689
-2175300.52195318 3327723.4740191
-2172312.69001097 3327723.4740191
-2169324.85806875 3327723.4740191
-2175300.52195318 3330711.30596132
-2172312.69001097 3330711.30596132
-2169324.85806875 3330711.30596132
-2175300.52195318 3333699.13790354
-2172312.69001097 3333699.13790354
-2172312.69001097 3336686.96984575
-2175300.52195318 3339674.80178797
-2172312.69001097 3339674.80178797
-2178288.3538954 3342662.63373018
-2175300.52195318 3342662.63373018
-2172312.69001097 3342662.63373018
-2178288.3538954 3345650.4656724
-2175300.52195318 3345650.4656724
-2172312.69001097 3345650.4656724
-2178288.3538954 3348638.29761461
-2175300.52195318 3348638.29761461
-2160361.3622421 3348638.29761461
-2178288.3538954 3351626.12955683
-2175300.52195318 3351626.12955683
-2172312.69001097 3351626.12955683
-2169324.85806875 3351626.12955683
-2166337.02612654 3351626.12955683
-2163349.19418432 3351626.12955683
-2160361.3622421 3351626.12955683
-2157373.53029989 3351626.12955683
-2178288.3538954 3354613.96149904
-2175300.52195318 3354613.96149904
-2172312.69001097 3354613.96149904
-2169324.85806875 3354613.96149904
-2166337.02612654 3354613.96149904
-2163349.19418432 3354613.96149904
-2160361.3622421 3354613.96149904
-2157373.53029989 3354613.96149904
-2154385.69835767 3354613.96149904
-2151397.86641546 3354613.96149904
-2163349.19418432 3357601.79344126
-2160361.3622421 3357601.79344126
-2157373.53029989 3357601.79344126
-1937025.68962068 4141385.73623794
-1934048.3174546 4141385.73623794
-1931070.94528852 4141385.73623794
-1940003.06178675 4144363.10840401
-1937025.68962068 4144363.10840401
-1934048.3174546 4144363.10840401
-1931070.94528852 4144363.10840401
-1928093.57312245 4144363.10840401
-1942980.43395283 4147340.48057009
-1940003.06178675 4147340.48057009
-1937025.68962068 4147340.48057009
-1934048.3174546 4147340.48057009
-1931070.94528852 4147340.48057009
-1928093.57312245 4147340.48057009
-1942980.43395283 4150317.85273617
-1940003.06178675 4150317.85273617
-1937025.68962068 4150317.85273617
-1934048.3174546 4150317.85273617
-1931070.94528852 4150317.85273617
-1942980.43395283 4153295.22490224
-1940003.06178675 4153295.22490224
-1937025.68962068 4153295.22490224
-1934048.3174546 4153295.22490224
-1931070.94528852 4153295.22490224
-1940003.06178675 4156272.59706832
-1937025.68962068 4156272.59706832
-1934048.3174546 4156272.59706832
-1940003.06178675 4159249.9692344
-1937025.68962068 4159249.9692344
-1941147.55219064 3987301.43741793
-1944135.01946698 3990288.90469427
-1941147.55219064 3990288.90469427
-1944135.01946698 3993276.37197061
-1941147.55219064 3993276.37197061
-1947122.48674332 3996263.83924695
-1944135.01946698 3996263.83924695
-1941147.55219064 3996263.83924695
-1947122.48674332 3999251.30652329
-1944135.01946698 3999251.30652329
-1941147.55219064 3999251.30652329
-1944135.01946698 4002238.77379963
-1941147.55219064 4002238.77379963
-1944135.01946698 4005226.24107596
-1941147.55219064 4005226.24107596
-1938160.0849143 4005226.24107596
-1941147.55219064 4008213.7083523
-1938160.0849143 4008213.7083523
-1938160.0849143 4142649.73578758
-1935172.61763796 4142649.73578758
-1932185.15036162 4142649.73578758
-1929197.68308528 4142649.73578758
-1941147.55219064 4145637.20306392
-1938160.0849143 4145637.20306392
-1935172.61763796 4145637.20306392
-1932185.15036162 4145637.20306392
-1929197.68308528 4145637.20306392
-1926210.21580894 4145637.20306392
-1941147.55219064 4148624.67034026
-1938160.0849143 4148624.67034026
-1935172.61763796 4148624.67034026
-1932185.15036162 4148624.67034026
-1929197.68308528 4148624.67034026
-1926210.21580894 4148624.67034026
-1923222.7485326 4148624.67034026
-1944135.01946698 4151612.1376166
-1941147.55219064 4151612.1376166
-1938160.0849143 4151612.1376166
-1935172.61763796 4151612.1376166
-1932185.15036162 4151612.1376166
-1929197.68308528 4151612.1376166
-1926210.21580894 4151612.1376166
-1923222.7485326 4151612.1376166
-1941147.55219064 4154599.60489294
-1938160.0849143 4154599.60489294
-1935172.61763796 4154599.60489294
-1932185.15036162 4154599.60489294
-1929197.68308528 4154599.60489294
-1926210.21580894 4154599.60489294
-1923222.7485326 4154599.60489294
-1941147.55219064 4157587.07216928
-1938160.0849143 4157587.07216928
-1935172.61763796 4157587.07216928
-1932185.15036162 4157587.07216928
-1929197.68308528 4157587.07216928
-1926210.21580894 4157587.07216928
-1938160.0849143 4160574.53944561
-1935172.61763796 4160574.53944561
-1932185.15036162 4160574.53944561
-1929197.68308528 4160574.53944561
-1948903.1288961 4150138.62482202
-1948903.1288961 4153011.37430513
-1948903.1288961 4155884.12378824
-1948903.1288961 4158756.87327135
-1951775.87837921 4170247.87120379
-1951775.87837921 4173120.6206869
-1957521.37734543 4196102.61655178
-2150402.89244011 3433240.03494508
-2147412.93183009 3433240.03494508
-2144422.97122008 3433240.03494508
-2168342.65610021 3436229.9955551
-2165352.69549019 3436229.9955551
-2162362.73488017 3436229.9955551
-2159372.77427016 3436229.9955551
-2156382.81366014 3436229.9955551
-2153392.85305013 3436229.9955551
-2150402.89244011 3436229.9955551
-2147412.93183009 3436229.9955551
-2144422.97122008 3436229.9955551
-2168342.65610021 3439219.95616512
-2165352.69549019 3439219.95616512
-2162362.73488017 3439219.95616512
-2159372.77427016 3439219.95616512
-2156382.81366014 3439219.95616512
-2153392.85305013 3439219.95616512
-2150402.89244011 3439219.95616512
-2147412.93183009 3439219.95616512
-2144422.97122008 3439219.95616512
-2171332.61671022 3442209.91677513
-2168342.65610021 3442209.91677513
-2165352.69549019 3442209.91677513
-2162362.73488017 3442209.91677513
-2159372.77427016 3442209.91677513
-2156382.81366014 3442209.91677513
-2153392.85305013 3442209.91677513
-2150402.89244011 3442209.91677513
-2147412.93183009 3442209.91677513
-2144422.97122008 3442209.91677513
-2171332.61671022 3445199.87738515
-2168342.65610021 3445199.87738515
-2165352.69549019 3445199.87738515
-2162362.73488017 3445199.87738515
-2159372.77427016 3445199.87738515
-2156382.81366014 3445199.87738515
-2153392.85305013 3445199.87738515
-2150402.89244011 3445199.87738515
-2171332.61671022 3448189.83799517
-2168342.65610021 3448189.83799517
-2165352.69549019 3448189.83799517
-2162362.73488017 3448189.83799517
-2171332.61671022 3451179.79860518
-2168342.65610021 3451179.79860518
-2165352.69549019 3451179.79860518
-2174322.57732024 3454169.7592152
-2171332.61671022 3454169.7592152
-2168342.65610021 3454169.7592152
-2165352.69549019 3454169.7592152
-2162362.73488017 3454169.7592152
-2159372.77427016 3454169.7592152
-2156382.81366014 3454169.7592152
-2138443.05000004 3454169.7592152
-2171332.61671022 3457159.71982521
-2168342.65610021 3457159.71982521
-2165352.69549019 3457159.71982521
-2162362.73488017 3457159.71982521
-2159372.77427016 3457159.71982521
-2156382.81366014 3457159.71982521
-2153392.85305013 3457159.71982521
-2150402.89244011 3457159.71982521
-2147412.93183009 3457159.71982521
-2144422.97122008 3457159.71982521
-2141433.01061006 3457159.71982521
-2138443.05000004 3457159.71982521
-2162362.73488017 3460149.68043523
-2159372.77427016 3460149.68043523
-2156382.81366014 3460149.68043523
-2153392.85305013 3460149.68043523
-2150402.89244011 3460149.68043523
-2147412.93183009 3460149.68043523
-2144422.97122008 3460149.68043523
-2141433.01061006 3460149.68043523
-2138443.05000004 3460149.68043523
-2153392.85305013 3463139.64104525
-2150402.89244011 3463139.64104525
-2147412.93183009 3463139.64104525
-2144422.97122008 3463139.64104525
-2141433.01061006 3463139.64104525
-2138443.05000004 3463139.64104525
-2135453.08939003 3463139.64104525
-1953164.88665001 3836881.81882697
-1947899.74103571 3818433.7785718
-1947899.74103571 3821210.59703695
-1945122.92257056 3821210.59703695
-1947899.74103571 3823987.41550211
-1945122.92257056 3823987.41550211
-1945122.92257056 3826764.23396726
-1852794.9531783 3951337.77132359
-1849829.61736621 3951337.77132359
-1846864.28155411 3951337.77132359
-1852794.9531783 3954303.10713568
-1849829.61736621 3954303.10713568
-1846864.28155411 3954303.10713568
-1843898.94574202 3954303.10713568
-1849829.61736621 3957268.44294778
-1846864.28155411 3957268.44294778
-1843898.94574202 3957268.44294778
-1849829.61736621 3960233.77875987
-1846864.28155411 3960233.77875987
-1843898.94574202 3960233.77875987
-1846864.28155411 3963199.11457197
-1935824.35591697 4141119.26329769
-1932859.02010488 4141119.26329769
-1929893.68429278 4141119.26329769
-1938789.69172907 4144084.59910978
-1935824.35591697 4144084.59910978
-1932859.02010488 4144084.59910978
-1929893.68429278 4144084.59910978
-1926928.34848069 4144084.59910978
-1941755.02754116 4147049.93492188
-1938789.69172907 4147049.93492188
-1935824.35591697 4147049.93492188
-1932859.02010488 4147049.93492188
-1929893.68429278 4147049.93492188
-1941755.02754116 4150015.27073397
-1938789.69172907 4150015.27073397
-1935824.35591697 4150015.27073397
-1932859.02010488 4150015.27073397
-1929893.68429278 4150015.27073397
-1941755.02754116 4152980.60654607
-1938789.69172907 4152980.60654607
-1935824.35591697 4152980.60654607
-1932859.02010488 4152980.60654607
-1941755.02754116 4155945.94235817
-1938789.69172907 4155945.94235817
-1935824.35591697 4155945.94235817
-1938789.69172907 4158911.27817026
-1935824.35591697 4158911.27817026
-1937289.82179163 4141781.05523415
-1934307.94907933 4141781.05523415
-1931326.07636703 4141781.05523415
-1928344.20365472 4141781.05523415
-1940271.69450393 4144762.92794645
-1937289.82179163 4144762.92794645
-1934307.94907933 4144762.92794645
-1931326.07636703 4144762.92794645
-1928344.20365472 4144762.92794645
-1925362.33094242 4144762.92794645
-1943253.56721623 4147744.80065876
-1940271.69450393 4147744.80065876
-1937289.82179163 4147744.80065876
-1934307.94907933 4147744.80065876
-1931326.07636703 4147744.80065876
-1928344.20365472 4147744.80065876
-1925362.33094242 4147744.80065876
-1922380.45823012 4147744.80065876
-1943253.56721623 4150726.67337106
-1940271.69450393 4150726.67337106
-1937289.82179163 4150726.67337106
-1934307.94907933 4150726.67337106
-1931326.07636703 4150726.67337106
-1928344.20365472 4150726.67337106
-1925362.33094242 4150726.67337106
-1922380.45823012 4150726.67337106
-1943253.56721623 4153708.54608336
-1940271.69450393 4153708.54608336
-1937289.82179163 4153708.54608336
-1934307.94907933 4153708.54608336
-1931326.07636703 4153708.54608336
-1928344.20365472 4153708.54608336
-1925362.33094242 4153708.54608336
-1922380.45823012 4153708.54608336
-1940271.69450393 4156690.41879566
-1937289.82179163 4156690.41879566
-1934307.94907933 4156690.41879566
-1931326.07636703 4156690.41879566
-1928344.20365472 4156690.41879566
-1925362.33094242 4156690.41879566
-1937289.82179163 4159672.29150796
-1934307.94907933 4159672.29150796
-1931326.07636703 4159672.29150796
-1928344.20365472 4159672.29150796
-1934368.74341761 4137747.60012996
-1940343.96094822 4140735.20889527
-1937356.35218291 4140735.20889527
-1934368.74341761 4140735.20889527
-1931381.1346523 4140735.20889527
-1928393.525887 4140735.20889527
-1943331.56971353 4143722.81766058
-1940343.96094822 4143722.81766058
-1937356.35218291 4143722.81766058
-1934368.74341761 4143722.81766058
-1931381.1346523 4143722.81766058
-1928393.525887 4143722.81766058
-1946319.17847883 4146710.42642588
-1943331.56971353 4146710.42642588
-1940343.96094822 4146710.42642588
-1937356.35218291 4146710.42642588
-1934368.74341761 4146710.42642588
-1931381.1346523 4146710.42642588
-1928393.525887 4146710.42642588
-1949306.78724414 4149698.03519119
-1946319.17847883 4149698.03519119
-1943331.56971353 4149698.03519119
-1940343.96094822 4149698.03519119
-1937356.35218291 4149698.03519119
-1934368.74341761 4149698.03519119
-1931381.1346523 4149698.03519119
-1949306.78724414 4152685.64395649
-1946319.17847883 4152685.64395649
-1943331.56971353 4152685.64395649
-1940343.96094822 4152685.64395649
-1937356.35218291 4152685.64395649
-1934368.74341761 4152685.64395649
-1931381.1346523 4152685.64395649
-1949306.78724414 4155673.2527218
-1946319.17847883 4155673.2527218
-1943331.56971353 4155673.2527218
-1940343.96094822 4155673.2527218
-1937356.35218291 4155673.2527218
-1934368.74341761 4155673.2527218
-1949306.78724414 4158660.86148711
-1946319.17847883 4158660.86148711
-1943331.56971353 4158660.86148711
-1940343.96094822 4158660.86148711
-1937356.35218291 4158660.86148711
-1949306.78724414 4161648.47025241
-1946319.17847883 4161648.47025241
-1943331.56971353 4161648.47025241
-1940343.96094822 4161648.47025241
-1937356.35218291 4161648.47025241
-1949306.78724414 4164636.07901772
-1946319.17847883 4164636.07901772
-1943331.56971353 4164636.07901772
-1940343.96094822 4164636.07901772
-1949306.78724414 4167623.68778303
-1946319.17847883 4167623.68778303
-1943331.56971353 4167623.68778303
-1940343.96094822 4167623.68778303
-1952294.39600945 4170611.29654833
-1949306.78724414 4170611.29654833
-1946319.17847883 4170611.29654833
-1943331.56971353 4170611.29654833
-1940343.96094822 4170611.29654833
-1952294.39600945 4173598.90531364
-1949306.78724414 4173598.90531364
-1946319.17847883 4173598.90531364
-1943331.56971353 4173598.90531364
-1940343.96094822 4173598.90531364
-1952294.39600945 4176586.51407894
-1949306.78724414 4176586.51407894
-1946319.17847883 4176586.51407894
-1943331.56971353 4176586.51407894
-1940343.96094822 4176586.51407894
-1952294.39600945 4179574.12284425
-1949306.78724414 4179574.12284425
-1946319.17847883 4179574.12284425
-1943331.56971353 4179574.12284425
-1940343.96094822 4179574.12284425
-1952294.39600945 4182561.73160956
-1949306.78724414 4182561.73160956
-1946319.17847883 4182561.73160956
-1943331.56971353 4182561.73160956
-1940343.96094822 4182561.73160956
-1937356.35218291 4182561.73160956
-1952294.39600945 4185549.34037486
-1949306.78724414 4185549.34037486
-1946319.17847883 4185549.34037486
-1943331.56971353 4185549.34037486
-1940343.96094822 4185549.34037486
-1937356.35218291 4185549.34037486
-1955282.00477475 4188536.94914017
-1952294.39600945 4188536.94914017
-1949306.78724414 4188536.94914017
-1946319.17847883 4188536.94914017
-1943331.56971353 4188536.94914017
-1940343.96094822 4188536.94914017
-1937356.35218291 4188536.94914017
-1955282.00477475 4191524.55790548
-1952294.39600945 4191524.55790548
-1949306.78724414 4191524.55790548
-1946319.17847883 4191524.55790548
-1943331.56971353 4191524.55790548
-1940343.96094822 4191524.55790548
-1955282.00477475 4194512.16667078
-1952294.39600945 4194512.16667078
-1949306.78724414 4194512.16667078
-1946319.17847883 4194512.16667078
-1943331.56971353 4194512.16667078
-1940343.96094822 4194512.16667078
-1958269.61354006 4197499.77543609
-1955282.00477475 4197499.77543609
-1952294.39600945 4197499.77543609
-1949306.78724414 4197499.77543609
-1946319.17847883 4197499.77543609
-1943331.56971353 4197499.77543609
-1952294.39600945 4200487.38420139
-1949306.78724414 4200487.38420139
-1385876.44531822 4327171.02337225
-1385876.44531822 4330169.8200188
-1382877.64867167 4330169.8200188
-1379878.85202512 4330169.8200188
-1385876.44531822 4333168.61666535
-1382877.64867167 4333168.61666535
-1379878.85202512 4333168.61666535
-1376880.05537857 4333168.61666535
-1373881.25873202 4333168.61666535
-1385876.44531822 4336167.41331189
-1382877.64867167 4336167.41331189
-1379878.85202512 4336167.41331189
-1376880.05537857 4336167.41331189
-1373881.25873202 4336167.41331189
-1370882.46208548 4336167.41331189
-1385876.44531822 4339166.20995844
-1382877.64867167 4339166.20995844
-1379878.85202512 4339166.20995844
-1376880.05537857 4339166.20995844
-1373881.25873202 4339166.20995844
-1370882.46208548 4339166.20995844
-1367883.66543893 4339166.20995844
-1364884.86879238 4339166.20995844
-1385876.44531822 4342165.00660499
-1382877.64867167 4342165.00660499
-1379878.85202512 4342165.00660499
-1376880.05537857 4342165.00660499
-1373881.25873202 4342165.00660499
-1370882.46208548 4342165.00660499
-1367883.66543893 4342165.00660499
-1364884.86879238 4342165.00660499
-1361886.07214583 4342165.00660499
-1385876.44531822 4345163.80325154
-1382877.64867167 4345163.80325154
-1379878.85202512 4345163.80325154
-1376880.05537857 4345163.80325154
-1373881.25873202 4345163.80325154
-1370882.46208548 4345163.80325154
-1367883.66543893 4345163.80325154
-1364884.86879238 4345163.80325154
-1361886.07214583 4345163.80325154
-1358887.27549928 4345163.80325154
-1355888.47885273 4345163.80325154
-1385876.44531822 4348162.59989809
-1382877.64867167 4348162.59989809
-1379878.85202512 4348162.59989809
-1376880.05537857 4348162.59989809
-1373881.25873202 4348162.59989809
-1370882.46208548 4348162.59989809
-1367883.66543893 4348162.59989809
-1364884.86879238 4348162.59989809
-1361886.07214583 4348162.59989809
-1358887.27549928 4348162.59989809
-1355888.47885273 4348162.59989809
-1352889.68220618 4348162.59989809
-1385876.44531822 4351161.39654464
-1382877.64867167 4351161.39654464
-1379878.85202512 4351161.39654464
-1376880.05537857 4351161.39654464
-1373881.25873202 4351161.39654464
-1370882.46208548 4351161.39654464
-1367883.66543893 4351161.39654464
-1364884.86879238 4351161.39654464
-1361886.07214583 4351161.39654464
-1358887.27549928 4351161.39654464
-1355888.47885273 4351161.39654464
-1352889.68220618 4351161.39654464
-1349890.88555963 4351161.39654464
-1382877.64867167 4354160.19319119
-1379878.85202512 4354160.19319119
-1376880.05537857 4354160.19319119
-1373881.25873202 4354160.19319119
-1370882.46208548 4354160.19319119
-1367883.66543893 4354160.19319119
-1364884.86879238 4354160.19319119
-1361886.07214583 4354160.19319119
-1358887.27549928 4354160.19319119
-1355888.47885273 4354160.19319119
-1352889.68220618 4354160.19319119
-1349890.88555963 4354160.19319119
-1346892.08891309 4354160.19319119
-1382877.64867167 4357158.98983774
-1379878.85202512 4357158.98983774
-1376880.05537857 4357158.98983774
-1373881.25873202 4357158.98983774
-1370882.46208548 4357158.98983774
-1367883.66543893 4357158.98983774
-1364884.86879238 4357158.98983774
-1361886.07214583 4357158.98983774
-1358887.27549928 4357158.98983774
-1355888.47885273 4357158.98983774
-1352889.68220618 4357158.98983774
-1349890.88555963 4357158.98983774
-1346892.08891309 4357158.98983774
-1343893.29226654 4357158.98983774
-1340894.49561999 4357158.98983774
-1379878.85202512 4360157.78648429
-1376880.05537857 4360157.78648429
-1373881.25873202 4360157.78648429
-1370882.46208548 4360157.78648429
-1367883.66543893 4360157.78648429
-1364884.86879238 4360157.78648429
-1361886.07214583 4360157.78648429
-1358887.27549928 4360157.78648429
-1355888.47885273 4360157.78648429
-1352889.68220618 4360157.78648429
-1349890.88555963 4360157.78648429
-1346892.08891309 4360157.78648429
-1343893.29226654 4360157.78648429
-1340894.49561999 4360157.78648429
-1337895.69897344 4360157.78648429
-1376880.05537857 4363156.58313083
-1373881.25873202 4363156.58313083
-1370882.46208548 4363156.58313083
-1367883.66543893 4363156.58313083
-1364884.86879238 4363156.58313083
-1361886.07214583 4363156.58313083
-1358887.27549928 4363156.58313083
-1355888.47885273 4363156.58313083
-1352889.68220618 4363156.58313083
-1349890.88555963 4363156.58313083
-1346892.08891309 4363156.58313083
-1343893.29226654 4363156.58313083
-1340894.49561999 4363156.58313083
-1337895.69897344 4363156.58313083
-1334896.90232689 4363156.58313083
-1373881.25873202 4366155.37977738
-1370882.46208548 4366155.37977738
-1367883.66543893 4366155.37977738
-1364884.86879238 4366155.37977738
-1361886.07214583 4366155.37977738
-1358887.27549928 4366155.37977738
-1355888.47885273 4366155.37977738
-1352889.68220618 4366155.37977738
-1349890.88555963 4366155.37977738
-1346892.08891309 4366155.37977738
-1343893.29226654 4366155.37977738
-1340894.49561999 4366155.37977738
-1337895.69897344 4366155.37977738
-1334896.90232689 4366155.37977738
-1331898.10568034 4366155.37977738
-1328899.30903379 4366155.37977738
-1370882.46208548 4369154.17642393
-1367883.66543893 4369154.17642393
-1364884.86879238 4369154.17642393
-1361886.07214583 4369154.17642393
-1358887.27549928 4369154.17642393
-1355888.47885273 4369154.17642393
-1352889.68220618 4369154.17642393
-1349890.88555963 4369154.17642393
-1346892.08891309 4369154.17642393
-1343893.29226654 4369154.17642393
-1340894.49561999 4369154.17642393
-1337895.69897344 4369154.17642393
-1334896.90232689 4369154.17642393
-1331898.10568034 4369154.17642393
-1328899.30903379 4369154.17642393
-1367883.66543893 4372152.97307048
-1364884.86879238 4372152.97307048
-1361886.07214583 4372152.97307048
-1358887.27549928 4372152.97307048
-1355888.47885273 4372152.97307048
-1352889.68220618 4372152.97307048
-1349890.88555963 4372152.97307048
-1346892.08891309 4372152.97307048
-1343893.29226654 4372152.97307048
-1340894.49561999 4372152.97307048
-1337895.69897344 4372152.97307048
-1334896.90232689 4372152.97307048
-1331898.10568034 4372152.97307048
-1328899.30903379 4372152.97307048
-1367883.66543893 4375151.76971703
-1364884.86879238 4375151.76971703
-1361886.07214583 4375151.76971703
-1358887.27549928 4375151.76971703
-1355888.47885273 4375151.76971703
-1352889.68220618 4375151.76971703
-1349890.88555963 4375151.76971703
-1346892.08891309 4375151.76971703
-1343893.29226654 4375151.76971703
-1340894.49561999 4375151.76971703
-1337895.69897344 4375151.76971703
-1334896.90232689 4375151.76971703
-1331898.10568034 4375151.76971703
-1328899.30903379 4375151.76971703
-1325900.51238724 4375151.76971703
-1364884.86879238 4378150.56636358
-1361886.07214583 4378150.56636358
-1358887.27549928 4378150.56636358
-1355888.47885273 4378150.56636358
-1352889.68220618 4378150.56636358
-1349890.88555963 4378150.56636358
-1346892.08891309 4378150.56636358
-1343893.29226654 4378150.56636358
-1340894.49561999 4378150.56636358
-1337895.69897344 4378150.56636358
-1334896.90232689 4378150.56636358
-1331898.10568034 4378150.56636358
-1328899.30903379 4378150.56636358
-1325900.51238724 4378150.56636358
-1361886.07214583 4381149.36301013
-1358887.27549928 4381149.36301013
-1355888.47885273 4381149.36301013
-1352889.68220618 4381149.36301013
-1349890.88555963 4381149.36301013
-1346892.08891309 4381149.36301013
-1343893.29226654 4381149.36301013
-1340894.49561999 4381149.36301013
-1337895.69897344 4381149.36301013
-1334896.90232689 4381149.36301013
-1331898.10568034 4381149.36301013
-1328899.30903379 4381149.36301013
-1325900.51238724 4381149.36301013
-1322901.71574069 4381149.36301013
-1358887.27549928 4384148.15965668
-1355888.47885273 4384148.15965668
-1352889.68220618 4384148.15965668
-1349890.88555963 4384148.15965668
-1346892.08891309 4384148.15965668
-1343893.29226654 4384148.15965668
-1340894.49561999 4384148.15965668
-1337895.69897344 4384148.15965668
-1334896.90232689 4384148.15965668
-1331898.10568034 4384148.15965668
-1328899.30903379 4384148.15965668
-1325900.51238724 4384148.15965668
-1322901.71574069 4384148.15965668
-1352889.68220618 4387146.95630322
-1349890.88555963 4387146.95630322
-1346892.08891309 4387146.95630322
-1343893.29226654 4387146.95630322
-1340894.49561999 4387146.95630322
-1337895.69897344 4387146.95630322
-1334896.90232689 4387146.95630322
-1331898.10568034 4387146.95630322
-1328899.30903379 4387146.95630322
-1325900.51238724 4387146.95630322
-1322901.71574069 4387146.95630322
-1349890.88555963 4390145.75294977
-1346892.08891309 4390145.75294977
-1343893.29226654 4390145.75294977
-1340894.49561999 4390145.75294977
-1337895.69897344 4390145.75294977
-1334896.90232689 4390145.75294977
-1331898.10568034 4390145.75294977
-1328899.30903379 4390145.75294977
-1325900.51238724 4390145.75294977
-1322901.71574069 4390145.75294977
-1319902.91909415 4390145.75294977
-1343893.29226654 4393144.54959632
-1340894.49561999 4393144.54959632
-1337895.69897344 4393144.54959632
-1334896.90232689 4393144.54959632
-1331898.10568034 4393144.54959632
-1328899.30903379 4393144.54959632
-1325900.51238724 4393144.54959632
-1322901.71574069 4393144.54959632
-1319902.91909415 4393144.54959632
-1316904.1224476 4393144.54959632
-1340894.49561999 4396143.34624287
-1337895.69897344 4396143.34624287
-1334896.90232689 4396143.34624287
-1331898.10568034 4396143.34624287
-1328899.30903379 4396143.34624287
-1325900.51238724 4396143.34624287
-1322901.71574069 4396143.34624287
-1319902.91909415 4396143.34624287
-1316904.1224476 4396143.34624287
-1313905.32580105 4396143.34624287
-1334896.90232689 4399142.14288942
-1331898.10568034 4399142.14288942
-1328899.30903379 4399142.14288942
-1325900.51238724 4399142.14288942
-1322901.71574069 4399142.14288942
-1319902.91909415 4399142.14288942
-1316904.1224476 4399142.14288942
-1313905.32580105 4399142.14288942
-1310906.5291545 4399142.14288942
-1331898.10568034 4402140.93953597
-1328899.30903379 4402140.93953597
-1325900.51238724 4402140.93953597
-1322901.71574069 4402140.93953597
-1319902.91909415 4402140.93953597
-1316904.1224476 4402140.93953597
-1313905.32580105 4402140.93953597
-1310906.5291545 4402140.93953597
-1307907.73250795 4402140.93953597
-1325900.51238724 4405139.73618252
-1322901.71574069 4405139.73618252
-1319902.91909415 4405139.73618252
-1316904.1224476 4405139.73618252
-1313905.32580105 4405139.73618252
-1310906.5291545 4405139.73618252
-1307907.73250795 4405139.73618252
-1304908.9358614 4405139.73618252
