-1813279.48315981 4029069.29436611
-1810285.65289084 4029069.29436611
-1807291.82262187 4029069.29436611
-1804297.99235289 4029069.29436611
-1816273.31342879 4032063.12463509
-1813279.48315981 4032063.12463509
-1810285.65289084 4032063.12463509
-1807291.82262187 4032063.12463509
-1804297.99235289 4032063.12463509
-1816273.31342879 4035056.95490406
-1813279.48315981 4035056.95490406
-1810285.65289084 4035056.95490406
-1807291.82262187 4035056.95490406
-1804297.99235289 4035056.95490406
-1819267.14369776 4038050.78517304
-1816273.31342879 4038050.78517304
-1813279.48315981 4038050.78517304
-1810285.65289084 4038050.78517304
-1807291.82262187 4038050.78517304
-1804297.99235289 4038050.78517304
-1816273.31342879 4041044.61544201
-1813279.48315981 4041044.61544201
-1810285.65289084 4041044.61544201
-1807291.82262187 4041044.61544201
-1804297.99235289 4041044.61544201
-1816273.31342879 4044038.44571098
-1813279.48315981 4044038.44571098
-1810285.65289084 4044038.44571098
-1807291.82262187 4044038.44571098
-1804297.99235289 4044038.44571098
-1816273.31342879 4047032.27597996
-1813279.48315981 4047032.27597996
-1810285.65289084 4047032.27597996
-1807291.82262187 4047032.27597996
-1804297.99235289 4047032.27597996
-1810285.65289084 4050026.10624893
-1807291.82262187 4050026.10624893
-1804297.99235289 4050026.10624893
-2096551.18183006 3522818.35916044
-1703530.09371143 3963655.24255763
-1700555.41994822 3963655.24255763
-1697580.74618501 3963655.24255763
-1694606.0724218 3963655.24255763
-1691631.39865859 3963655.24255763
-1700555.41994822 3966629.91632084
-1697580.74618501 3966629.91632084
-1694606.0724218 3966629.91632084
-1691631.39865859 3966629.91632084
-1697580.74618501 3969604.59008405
-1694606.0724218 3969604.59008405
-1691631.39865859 3969604.59008405
-1706504.76747464 3972579.26384726
-1703530.09371143 3972579.26384726
-1697580.74618501 3972579.26384726
-1694606.0724218 3972579.26384726
-1706504.76747464 3975553.93761047
-1703530.09371143 3975553.93761047
-1700555.41994822 3975553.93761047
-1697580.74618501 3975553.93761047
-1694606.0724218 3975553.93761047
-1709479.44123785 3978528.61137368
-1706504.76747464 3978528.61137368
-1703530.09371143 3978528.61137368
-1700555.41994822 3978528.61137368
-1697580.74618501 3978528.61137368
-1712454.11500106 3981503.28513689
-1709479.44123785 3981503.28513689
-1706504.76747464 3981503.28513689
-1703530.09371143 3981503.28513689
-1700555.41994822 3981503.28513689
-1712454.11500106 3984477.95890009
-1709479.44123785 3984477.95890009
-1706504.76747464 3984477.95890009
-1703530.09371143 3984477.95890009
-1862805.91147915 3795343.93077084
-1862805.91147915 3798338.55387531
-1865800.53458361 3801333.17697978
-1862805.91147915 3801333.17697978
-1865800.53458361 3804327.80008424
-1862805.91147915 3804327.80008424
-1865800.53458361 3807322.42318871
-1862805.91147915 3807322.42318871
-1859811.28837468 3807322.42318871
-1865800.53458361 3810317.04629318
-1862805.91147915 3810317.04629318
-1859811.28837468 3810317.04629318
-1856816.66527021 3810317.04629318
-1865800.53458361 3813311.66939764
-1862805.91147915 3813311.66939764
-1859811.28837468 3813311.66939764
-1856816.66527021 3813311.66939764
-1853822.04216574 3813311.66939764
-1862805.91147915 3816306.29250211
-1859811.28837468 3816306.29250211
-1856816.66527021 3816306.29250211
-1853822.04216574 3816306.29250211
-1814891.94180767 3927107.34736741
-1811897.3187032 3927107.34736741
-1808902.69559873 3927107.34736741
-1805908.07249426 3927107.34736741
-1814891.94180767 3930101.97047188
-1811897.3187032 3930101.97047188
-1808902.69559873 3930101.97047188
-1805908.07249426 3930101.97047188
-1802913.4493898 3930101.97047188
-1799918.82628533 3930101.97047188
-1814891.94180767 3933096.59357634
-1811897.3187032 3933096.59357634
-1808902.69559873 3933096.59357634
-1805908.07249426 3933096.59357634
-1802913.4493898 3933096.59357634
-1799918.82628533 3933096.59357634
-1796924.20318086 3933096.59357634
-1793929.58007639 3933096.59357634
-1814891.94180767 3936091.21668081
-1811897.3187032 3936091.21668081
-1808902.69559873 3936091.21668081
-1805908.07249426 3936091.21668081
-1802913.4493898 3936091.21668081
-1799918.82628533 3936091.21668081
-1796924.20318086 3936091.21668081
-1793929.58007639 3936091.21668081
-1790934.95697193 3936091.21668081
-1814891.94180767 3939085.83978528
-1811897.3187032 3939085.83978528
-1808902.69559873 3939085.83978528
-1805908.07249426 3939085.83978528
-1802913.4493898 3939085.83978528
-1799918.82628533 3939085.83978528
-1796924.20318086 3939085.83978528
-1793929.58007639 3939085.83978528
-1790934.95697193 3939085.83978528
-1811897.3187032 3942080.46288975
-1808902.69559873 3942080.46288975
-1805908.07249426 3942080.46288975
-1802913.4493898 3942080.46288975
-1799918.82628533 3942080.46288975
-1796924.20318086 3942080.46288975
-1793929.58007639 3942080.46288975
-1790934.95697193 3942080.46288975
-1787940.33386746 3942080.46288975
-1811897.3187032 3945075.08599421
-1808902.69559873 3945075.08599421
-1805908.07249426 3945075.08599421
-1802913.4493898 3945075.08599421
-1799918.82628533 3945075.08599421
-1796924.20318086 3945075.08599421
-1793929.58007639 3945075.08599421
-1790934.95697193 3945075.08599421
-1787940.33386746 3945075.08599421
-1811897.3187032 3948069.70909868
-1808902.69559873 3948069.70909868
-1805908.07249426 3948069.70909868
-1802913.4493898 3948069.70909868
-1799918.82628533 3948069.70909868
-1796924.20318086 3948069.70909868
-1793929.58007639 3948069.70909868
-1790934.95697193 3948069.70909868
-1787940.33386746 3948069.70909868
-1784945.71076299 3948069.70909868
-1811897.3187032 3951064.33220315
-1808902.69559873 3951064.33220315
-1805908.07249426 3951064.33220315
-1802913.4493898 3951064.33220315
-1799918.82628533 3951064.33220315
-1796924.20318086 3951064.33220315
-1793929.58007639 3951064.33220315
-1790934.95697193 3951064.33220315
-1787940.33386746 3951064.33220315
-1784945.71076299 3951064.33220315
-1808902.69559873 3954058.95530762
-1805908.07249426 3954058.95530762
-1802913.4493898 3954058.95530762
-1799918.82628533 3954058.95530762
-1796924.20318086 3954058.95530762
-1793929.58007639 3954058.95530762
-1790934.95697193 3954058.95530762
-1787940.33386746 3954058.95530762
-1784945.71076299 3954058.95530762
-1805908.07249426 3957053.57841208
-1802913.4493898 3957053.57841208
-1799918.82628533 3957053.57841208
-1796924.20318086 3957053.57841208
-1793929.58007639 3957053.57841208
-1790934.95697193 3957053.57841208
-1787940.33386746 3957053.57841208
-1784945.71076299 3957053.57841208
-1805908.07249426 3960048.20151655
-1802913.4493898 3960048.20151655
-1799918.82628533 3960048.20151655
-1796924.20318086 3960048.20151655
-1793929.58007639 3960048.20151655
-1790934.95697193 3960048.20151655
-1787940.33386746 3960048.20151655
-1784945.71076299 3960048.20151655
-1802913.4493898 3963042.82462102
-1799918.82628533 3963042.82462102
-1796924.20318086 3963042.82462102
-1793929.58007639 3963042.82462102
-1790934.95697193 3963042.82462102
-1787940.33386746 3963042.82462102
-1784945.71076299 3963042.82462102
-1793929.58007639 3966037.44772549
-1790934.95697193 3966037.44772549
-1787940.33386746 3966037.44772549
-1784945.71076299 3966037.44772549
-1784945.71076299 3969032.07082995
-1560348.97792793 4031919.15602377
-1557354.35482346 4031919.15602377
-1560348.97792793 4034913.77912824
-1557354.35482346 4034913.77912824
-1563343.6010324 4037908.4022327
-1560348.97792793 4037908.4022327
-1557354.35482346 4037908.4022327
-1554359.731719 4037908.4022327
-1563343.6010324 4040903.02533717
-1560348.97792793 4040903.02533717
-1557354.35482346 4040903.02533717
-1554359.731719 4040903.02533717
-1551365.10861453 4040903.02533717
-1566338.22413687 4043897.64844164
-1563343.6010324 4043897.64844164
-1560348.97792793 4043897.64844164
-1557354.35482346 4043897.64844164
-1554359.731719 4043897.64844164
-1551365.10861453 4043897.64844164
-1548370.48551006 4043897.64844164
-1569332.84724133 4046892.27154611
-1566338.22413687 4046892.27154611
-1563343.6010324 4046892.27154611
-1560348.97792793 4046892.27154611
-1557354.35482346 4046892.27154611
-1554359.731719 4046892.27154611
-1551365.10861453 4046892.27154611
-1569332.84724133 4049886.89465057
-1566338.22413687 4049886.89465057
-1563343.6010324 4049886.89465057
-1560348.97792793 4049886.89465057
-1557354.35482346 4049886.89465057
-1554359.731719 4049886.89465057
-1551365.10861453 4049886.89465057
-1572327.4703458 4052881.51775504
-1569332.84724133 4052881.51775504
-1566338.22413687 4052881.51775504
-1563343.6010324 4052881.51775504
-1560348.97792793 4052881.51775504
-1557354.35482346 4052881.51775504
-1554359.731719 4052881.51775504
-1551365.10861453 4052881.51775504
-1572327.4703458 4055876.14085951
-1569332.84724133 4055876.14085951
-1566338.22413687 4055876.14085951
-1563343.6010324 4055876.14085951
-1560348.97792793 4055876.14085951
-1557354.35482346 4055876.14085951
-1554359.731719 4055876.14085951
-1551365.10861453 4055876.14085951
-1569332.84724133 4058870.76396398
-1566338.22413687 4058870.76396398
-1563343.6010324 4058870.76396398
-1560348.97792793 4058870.76396398
-1557354.35482346 4058870.76396398
-1554359.731719 4058870.76396398
-1551365.10861453 4058870.76396398
-1569332.84724133 4061865.38706844
-1566338.22413687 4061865.38706844
-1563343.6010324 4061865.38706844
-1560348.97792793 4061865.38706844
-1557354.35482346 4061865.38706844
-1554359.731719 4061865.38706844
-1551365.10861453 4061865.38706844
-1569332.84724133 4064860.01017291
-1566338.22413687 4064860.01017291
-1563343.6010324 4064860.01017291
-1560348.97792793 4064860.01017291
-1566338.22413687 4067854.63327738
-1521418.87756985 4079833.12569525
-1521418.87756985 4082827.74879972
-1521418.87756985 4085822.37190418
-1518424.25446539 4088816.99500865
-1518424.25446539 4091811.61811312
-1518424.25446539 4094806.24121759
-1515429.63136092 4094806.24121759
-1515429.63136092 4097800.86432205
-1512435.00825645 4097800.86432205
-1515429.63136092 4100795.48742652
-1512435.00825645 4100795.48742652
-1509440.38515198 4100795.48742652
-1515429.63136092 4103790.11053099
-1512435.00825645 4103790.11053099
-1509440.38515198 4103790.11053099
-1509440.38515198 4106784.73363546
-1506445.76204752 4106784.73363546
-1587709.66993978 3991298.82687121
-1587709.66993978 3994271.57840293
-1587709.66993978 3997244.32993465
-1584736.91840806 3997244.32993465
-1584736.91840806 4000217.08146637
-1581764.16687634 4000217.08146637
-1581764.16687634 4003189.83299809
-1581764.16687634 4006162.58452981
-1578791.41534462 4006162.58452981
-1581764.16687634 4009135.33606153
-1578791.41534462 4009135.33606153
-1575818.6638129 4009135.33606153
-1578791.41534462 4012108.08759325
-1575818.6638129 4012108.08759325
-1575818.6638129 4015080.83912497
-1572845.91228118 4015080.83912497
-1575818.6638129 4018053.59065669
-1572845.91228118 4018053.59065669
-1569873.16074946 4018053.59065669
-1566900.40921774 4018053.59065669
-1569873.16074946 4021026.34218841
-1566900.40921774 4021026.34218841
-1563927.65768602 4021026.34218841
-1566900.40921774 4023999.09372013
-1563927.65768602 4023999.09372013
-1563927.65768602 4026971.84525185
-1560954.9061543 4026971.84525185
-1563927.65768602 4029944.59678357
-1560954.9061543 4029944.59678357
-1557982.15462258 4029944.59678357
-1560954.9061543 4032917.34831529
-1557982.15462258 4032917.34831529
-1560954.9061543 4035890.09984701
-1557982.15462258 4035890.09984701
-1555009.40309086 4035890.09984701
-1557982.15462258 4038862.85137873
-1555009.40309086 4038862.85137873
-1552036.65155914 4038862.85137873
-1552036.65155914 4041835.60291045
-1549063.90002742 4041835.60291045
-1552036.65155914 4044808.35444217
-1549063.90002742 4044808.35444217
-1546091.1484957 4044808.35444217
-1549063.90002742 4047781.10597389
-1546091.1484957 4047781.10597389
-1543118.39696398 4047781.10597389
-1546091.1484957 4050753.85750561
-1543118.39696398 4050753.85750561
-1540145.64543226 4053726.60903733
-2029791.67157148 3425082.05481145
-1710040.55473447 3984822.15843914
-1707058.56512527 3984822.15843914
-1510247.2509181 4196543.4206923
-1507265.2613089 4196543.4206923
-1513229.2405273 4199525.4103015
-1510247.2509181 4199525.4103015
-1507265.2613089 4199525.4103015
-1519193.2197457 4202507.3999107
-1516211.2301365 4202507.3999107
-1513229.2405273 4202507.3999107
-1510247.2509181 4202507.3999107
-1507265.2613089 4202507.3999107
-1522175.2093549 4205489.3895199
-1519193.2197457 4205489.3895199
-1516211.2301365 4205489.3895199
-1513229.2405273 4205489.3895199
-1510247.2509181 4205489.3895199
-1507265.2613089 4205489.3895199
-1522175.2093549 4208471.3791291
-1519193.2197457 4208471.3791291
-1516211.2301365 4208471.3791291
-1513229.2405273 4208471.3791291
-1510247.2509181 4208471.3791291
-1507265.2613089 4208471.3791291
-1522175.2093549 4211453.3687383
-1519193.2197457 4211453.3687383
-1516211.2301365 4211453.3687383
-1513229.2405273 4211453.3687383
-1510247.2509181 4211453.3687383
-1507265.2613089 4211453.3687383
-1525157.1989641 4214435.3583475
-1522175.2093549 4214435.3583475
-1519193.2197457 4214435.3583475
-1516211.2301365 4214435.3583475
-1513229.2405273 4214435.3583475
-1510247.2509181 4214435.3583475
-1525157.1989641 4217417.3479567
-1522175.2093549 4217417.3479567
-1519193.2197457 4217417.3479567
-1516211.2301365 4217417.3479567
-1513229.2405273 4217417.3479567
-1510247.2509181 4217417.3479567
-1522175.2093549 4220399.3375659
-1519193.2197457 4220399.3375659
-1516211.2301365 4220399.3375659
-1513229.2405273 4220399.3375659
-1522175.2093549 4223381.3271751
-1519193.2197457 4223381.3271751
-1516211.2301365 4223381.3271751
-1519193.2197457 4226363.3167843
-2065248.13388922 3537056.64429994
-2062249.57612463 3537056.64429994
-2065248.13388922 3540055.20206452
-2062249.57612463 3540055.20206452
-2059251.01836005 3540055.20206452
-2065248.13388922 3543053.75982911
-2062249.57612463 3543053.75982911
-2059251.01836005 3543053.75982911
-2068246.6916538 3546052.31759369
-2065248.13388922 3546052.31759369
-2062249.57612463 3546052.31759369
-2059251.01836005 3546052.31759369
-2056252.46059547 3546052.31759369
-2065248.13388922 3549050.87535827
-2062249.57612463 3549050.87535827
-2059251.01836005 3549050.87535827
-2056252.46059547 3549050.87535827
-2053253.90283089 3549050.87535827
-2065248.13388922 3552049.43312285
-2062249.57612463 3552049.43312285
-2059251.01836005 3552049.43312285
-2056252.46059547 3552049.43312285
-2053253.90283089 3552049.43312285
-2065248.13388922 3555047.99088743
-2062249.57612463 3555047.99088743
-2059251.01836005 3555047.99088743
-2056252.46059547 3555047.99088743
-2053253.90283089 3555047.99088743
-2050255.3450663 3555047.99088743
-2062249.57612463 3558046.54865202
-2059251.01836005 3558046.54865202
-2056252.46059547 3558046.54865202
-2053253.90283089 3558046.54865202
-2050255.3450663 3558046.54865202
-2047256.78730172 3558046.54865202
-2062249.57612463 3561045.1064166
-2059251.01836005 3561045.1064166
-2056252.46059547 3561045.1064166
-2053253.90283089 3561045.1064166
-2050255.3450663 3561045.1064166
-2047256.78730172 3561045.1064166
-2044258.22953714 3561045.1064166
-2062249.57612463 3564043.66418118
-2059251.01836005 3564043.66418118
-2056252.46059547 3564043.66418118
-2053253.90283089 3564043.66418118
-2050255.3450663 3564043.66418118
-2047256.78730172 3564043.66418118
-2044258.22953714 3564043.66418118
-2059251.01836005 3567042.22194576
-2056252.46059547 3567042.22194576
-2053253.90283089 3567042.22194576
-2050255.3450663 3567042.22194576
-2047256.78730172 3567042.22194576
-2044258.22953714 3567042.22194576
-2041259.67177256 3567042.22194576
-2059251.01836005 3570040.77971035
-2056252.46059547 3570040.77971035
-2053253.90283089 3570040.77971035
-2050255.3450663 3570040.77971035
-2047256.78730172 3570040.77971035
-2044258.22953714 3570040.77971035
-2041259.67177256 3570040.77971035
-2038261.11400797 3570040.77971035
-2059251.01836005 3573039.33747493
-2056252.46059547 3573039.33747493
-2053253.90283089 3573039.33747493
-2050255.3450663 3573039.33747493
-2047256.78730172 3573039.33747493
-2044258.22953714 3573039.33747493
-2041259.67177256 3573039.33747493
-2038261.11400797 3573039.33747493
-2056252.46059547 3576037.89523951
-2053253.90283089 3576037.89523951
-2050255.3450663 3576037.89523951
-2047256.78730172 3576037.89523951
-2044258.22953714 3576037.89523951
-2041259.67177256 3576037.89523951
-2038261.11400797 3576037.89523951
-2035262.55624339 3576037.89523951
-2053253.90283089 3579036.45300409
-2050255.3450663 3579036.45300409
-2047256.78730172 3579036.45300409
-2044258.22953714 3579036.45300409
-2041259.67177256 3579036.45300409
-2038261.11400797 3579036.45300409
-2035262.55624339 3579036.45300409
-2032263.99847881 3579036.45300409
-2050255.3450663 3582035.01076867
-2047256.78730172 3582035.01076867
-2044258.22953714 3582035.01076867
-2041259.67177256 3582035.01076867
-2038261.11400797 3582035.01076867
-2035262.55624339 3582035.01076867
-2032263.99847881 3582035.01076867
-2047256.78730172 3585033.56853326
-2044258.22953714 3585033.56853326
-2041259.67177256 3585033.56853326
-2038261.11400797 3585033.56853326
-2035262.55624339 3585033.56853326
-2032263.99847881 3585033.56853326
-2029265.44071423 3585033.56853326
-2044258.22953714 3588032.12629784
-2041259.67177256 3588032.12629784
-2038261.11400797 3588032.12629784
-2035262.55624339 3588032.12629784
-2032263.99847881 3588032.12629784
-2029265.44071423 3588032.12629784
-2026266.88294965 3588032.12629784
-2041259.67177256 3591030.68406242
-2038261.11400797 3591030.68406242
-2035262.55624339 3591030.68406242
-2032263.99847881 3591030.68406242
-2029265.44071423 3591030.68406242
-2026266.88294965 3591030.68406242
-2023268.32518506 3591030.68406242
-2041259.67177256 3594029.241827
-2038261.11400797 3594029.241827
-2035262.55624339 3594029.241827
-2032263.99847881 3594029.241827
-2029265.44071423 3594029.241827
-2026266.88294965 3594029.241827
-2023268.32518506 3594029.241827
-2020269.76742048 3594029.241827
-2038261.11400797 3597027.79959159
-2035262.55624339 3597027.79959159
-2032263.99847881 3597027.79959159
-2029265.44071423 3597027.79959159
-2026266.88294965 3597027.79959159
-2023268.32518506 3597027.79959159
-2020269.76742048 3597027.79959159
-2017271.2096559 3597027.79959159
-2038261.11400797 3600026.35735617
-2035262.55624339 3600026.35735617
-2032263.99847881 3600026.35735617
-2029265.44071423 3600026.35735617
-2026266.88294965 3600026.35735617
-2023268.32518506 3600026.35735617
-2020269.76742048 3600026.35735617
-2017271.2096559 3600026.35735617
-2035262.55624339 3603024.91512075
-2032263.99847881 3603024.91512075
-2029265.44071423 3603024.91512075
-2026266.88294965 3603024.91512075
-2023268.32518506 3603024.91512075
-2020269.76742048 3603024.91512075
-2017271.2096559 3603024.91512075
-2035262.55624339 3606023.47288533
-2032263.99847881 3606023.47288533
-2029265.44071423 3606023.47288533
-2026266.88294965 3606023.47288533
-2023268.32518506 3606023.47288533
-2020269.76742048 3606023.47288533
-2017271.2096559 3606023.47288533
-2032263.99847881 3609022.03064992
-2020269.76742048 3609022.03064992
-2017271.2096559 3609022.03064992
-2017271.2096559 3612020.5884145
-2014272.65189132 3615019.14617908
-2011274.09412673 3621016.26170824
-2014272.65189132 3624014.81947283
-2011274.09412673 3624014.81947283
-2008275.53636215 3624014.81947283
-2017271.2096559 3627013.37723741
-2014272.65189132 3627013.37723741
-2011274.09412673 3627013.37723741
-2008275.53636215 3627013.37723741
-2020269.76742048 3630011.93500199
-2017271.2096559 3630011.93500199
-2014272.65189132 3630011.93500199
-2011274.09412673 3630011.93500199
-2008275.53636215 3630011.93500199
-2005276.97859757 3630011.93500199
-2023268.32518506 3633010.49276657
-2020269.76742048 3633010.49276657
-2017271.2096559 3633010.49276657
-2014272.65189132 3633010.49276657
-2011274.09412673 3633010.49276657
-2008275.53636215 3633010.49276657
-2005276.97859757 3633010.49276657
-2002278.42083299 3633010.49276657
-2026266.88294965 3636009.05053116
-2023268.32518506 3636009.05053116
-2020269.76742048 3636009.05053116
-2017271.2096559 3636009.05053116
-2014272.65189132 3636009.05053116
-2011274.09412673 3636009.05053116
-2008275.53636215 3636009.05053116
-2005276.97859757 3636009.05053116
-2002278.42083299 3636009.05053116
-1999279.86306841 3636009.05053116
-2029265.44071423 3639007.60829574
-2026266.88294965 3639007.60829574
-2023268.32518506 3639007.60829574
-2020269.76742048 3639007.60829574
-2017271.2096559 3639007.60829574
-2014272.65189132 3639007.60829574
-2011274.09412673 3639007.60829574
-2008275.53636215 3639007.60829574
-2005276.97859757 3639007.60829574
-2002278.42083299 3639007.60829574
-1999279.86306841 3639007.60829574
-2032263.99847881 3642006.16606032
-2029265.44071423 3642006.16606032
-2026266.88294965 3642006.16606032
-2023268.32518506 3642006.16606032
-2020269.76742048 3642006.16606032
-2017271.2096559 3642006.16606032
-2014272.65189132 3642006.16606032
-2011274.09412673 3642006.16606032
-2008275.53636215 3642006.16606032
-2005276.97859757 3642006.16606032
-2002278.42083299 3642006.16606032
-2032263.99847881 3645004.7238249
-2029265.44071423 3645004.7238249
-2026266.88294965 3645004.7238249
-2023268.32518506 3645004.7238249
-2020269.76742048 3645004.7238249
-2017271.2096559 3645004.7238249
-2014272.65189132 3645004.7238249
-2011274.09412673 3645004.7238249
-2008275.53636215 3645004.7238249
-2005276.97859757 3645004.7238249
-2032263.99847881 3648003.28158948
-2029265.44071423 3648003.28158948
-2026266.88294965 3648003.28158948
-2023268.32518506 3648003.28158948
-2020269.76742048 3648003.28158948
-2017271.2096559 3648003.28158948
-2014272.65189132 3648003.28158948
-2011274.09412673 3648003.28158948
-2032263.99847881 3651001.83935407
-2029265.44071423 3651001.83935407
-2026266.88294965 3651001.83935407
-2023268.32518506 3651001.83935407
-2020269.76742048 3651001.83935407
-2017271.2096559 3651001.83935407
-2014272.65189132 3651001.83935407
-2011274.09412673 3651001.83935407
-2029265.44071423 3654000.39711865
-2026266.88294965 3654000.39711865
-2023268.32518506 3654000.39711865
-2020269.76742048 3654000.39711865
-2017271.2096559 3654000.39711865
-2014272.65189132 3654000.39711865
-2011274.09412673 3654000.39711865
-2029265.44071423 3656998.95488323
-2026266.88294965 3656998.95488323
-2023268.32518506 3656998.95488323
-2020269.76742048 3656998.95488323
-2017271.2096559 3656998.95488323
-2014272.65189132 3656998.95488323
-2011274.09412673 3656998.95488323
-2008275.53636215 3656998.95488323
-2026266.88294965 3659997.51264781
-2023268.32518506 3659997.51264781
-2020269.76742048 3659997.51264781
-2017271.2096559 3659997.51264781
-2014272.65189132 3659997.51264781
-2011274.09412673 3659997.51264781
-2008275.53636215 3659997.51264781
-2023268.32518506 3662996.0704124
-2020269.76742048 3662996.0704124
-2017271.2096559 3662996.0704124
-2014272.65189132 3662996.0704124
-2011274.09412673 3662996.0704124
-2008275.53636215 3662996.0704124
-2005276.97859757 3662996.0704124
-2023268.32518506 3665994.62817698
-2020269.76742048 3665994.62817698
-2017271.2096559 3665994.62817698
-2014272.65189132 3665994.62817698
-2011274.09412673 3665994.62817698
-2008275.53636215 3665994.62817698
-2005276.97859757 3665994.62817698
-2002278.42083299 3665994.62817698
-2020269.76742048 3668993.18594156
-2017271.2096559 3668993.18594156
-2014272.65189132 3668993.18594156
-2011274.09412673 3668993.18594156
-2008275.53636215 3668993.18594156
-2005276.97859757 3668993.18594156
-2002278.42083299 3668993.18594156
-2017271.2096559 3671991.74370614
-2014272.65189132 3671991.74370614
-2011274.09412673 3671991.74370614
-2008275.53636215 3671991.74370614
-2005276.97859757 3671991.74370614
-2002278.42083299 3671991.74370614
-1999279.86306841 3671991.74370614
-2017271.2096559 3674990.30147072
-2014272.65189132 3674990.30147072
-2011274.09412673 3674990.30147072
-2008275.53636215 3674990.30147072
-2005276.97859757 3674990.30147072
-2002278.42083299 3674990.30147072
-1999279.86306841 3674990.30147072
-2014272.65189132 3677988.85923531
-2011274.09412673 3677988.85923531
-2008275.53636215 3677988.85923531
-2005276.97859757 3677988.85923531
-2002278.42083299 3677988.85923531
-1999279.86306841 3677988.85923531
-1996281.30530382 3677988.85923531
-2011274.09412673 3680987.41699989
-2008275.53636215 3680987.41699989
-2005276.97859757 3680987.41699989
-2002278.42083299 3680987.41699989
-1999279.86306841 3680987.41699989
-1996281.30530382 3680987.41699989
-2011274.09412673 3683985.97476447
-2008275.53636215 3683985.97476447
-2005276.97859757 3683985.97476447
-2002278.42083299 3683985.97476447
-1999279.86306841 3683985.97476447
-1996281.30530382 3683985.97476447
-1993282.74753924 3683985.97476447
-2008275.53636215 3686984.53252905
-2005276.97859757 3686984.53252905
-2002278.42083299 3686984.53252905
-1999279.86306841 3686984.53252905
-1996281.30530382 3686984.53252905
-1993282.74753924 3686984.53252905
-2005276.97859757 3689983.09029364
-2002278.42083299 3689983.09029364
-1999279.86306841 3689983.09029364
-1996281.30530382 3689983.09029364
-1993282.74753924 3689983.09029364
-1990284.18977466 3689983.09029364
-2005276.97859757 3692981.64805822
-2002278.42083299 3692981.64805822
-1999279.86306841 3692981.64805822
-1996281.30530382 3692981.64805822
-1993282.74753924 3692981.64805822
-1990284.18977466 3692981.64805822
-2002278.42083299 3695980.2058228
-1999279.86306841 3695980.2058228
-1996281.30530382 3695980.2058228
-1538249.13463034 4054662.33273856
-1538249.13463034 4057492.34903742
-1535419.11833148 4057492.34903742
-1538249.13463034 4060322.36533628
-1535419.11833148 4060322.36533628
-1535419.11833148 4063152.38163514
-1532589.10203262 4063152.38163514
-2150417.4357873 3163862.43536921
-2150417.4357873 3166861.92430597
-2150417.4357873 3169861.41324273
-2150417.4357873 3172860.90217949
-2147417.94685054 3172860.90217949
-2150417.4357873 3175860.39111625
-2147417.94685054 3175860.39111625
-2153416.92472406 3178859.88005302
-2150417.4357873 3178859.88005302
-2147417.94685054 3178859.88005302
-2153416.92472406 3181859.36898978
-2150417.4357873 3181859.36898978
-2147417.94685054 3181859.36898978
-2144418.45791378 3181859.36898978
-2153416.92472406 3184858.85792654
-2150417.4357873 3184858.85792654
-2147417.94685054 3184858.85792654
-2144418.45791378 3184858.85792654
-2153416.92472406 3187858.3468633
-2150417.4357873 3187858.3468633
-2147417.94685054 3187858.3468633
-2144418.45791378 3187858.3468633
-2153416.92472406 3190857.83580007
-2150417.4357873 3190857.83580007
-2147417.94685054 3190857.83580007
-2144418.45791378 3190857.83580007
-2156416.41366083 3193857.32473683
-2153416.92472406 3193857.32473683
-2150417.4357873 3193857.32473683
-2147417.94685054 3193857.32473683
-2144418.45791378 3193857.32473683
-2156416.41366083 3196856.81367359
-2153416.92472406 3196856.81367359
-2150417.4357873 3196856.81367359
-2147417.94685054 3196856.81367359
-2144418.45791378 3196856.81367359
-2156416.41366083 3199856.30261035
-2153416.92472406 3199856.30261035
-2150417.4357873 3199856.30261035
-2147417.94685054 3199856.30261035
-2144418.45791378 3199856.30261035
-2156416.41366083 3202855.79154711
-2153416.92472406 3202855.79154711
-2150417.4357873 3202855.79154711
-2147417.94685054 3202855.79154711
-2144418.45791378 3202855.79154711
-2156416.41366083 3205855.28048388
-2153416.92472406 3205855.28048388
-2150417.4357873 3205855.28048388
-2147417.94685054 3205855.28048388
-2144418.45791378 3205855.28048388
-2141418.96897701 3205855.28048388
-2156416.41366083 3208854.76942064
-2153416.92472406 3208854.76942064
-2150417.4357873 3208854.76942064
-2147417.94685054 3208854.76942064
-2144418.45791378 3208854.76942064
-2141418.96897701 3208854.76942064
-2156416.41366083 3211854.2583574
-2153416.92472406 3211854.2583574
-2150417.4357873 3211854.2583574
-2147417.94685054 3211854.2583574
-2144418.45791378 3211854.2583574
-2141418.96897701 3211854.2583574
-2156416.41366083 3214853.74729416
-2153416.92472406 3214853.74729416
-2150417.4357873 3214853.74729416
-2147417.94685054 3214853.74729416
-2144418.45791378 3214853.74729416
-2141418.96897701 3214853.74729416
-2156416.41366083 3217853.23623093
-2153416.92472406 3217853.23623093
-2150417.4357873 3217853.23623093
-2147417.94685054 3217853.23623093
-2144418.45791378 3217853.23623093
-2141418.96897701 3217853.23623093
-2153416.92472406 3220852.72516769
-2150417.4357873 3220852.72516769
-2147417.94685054 3220852.72516769
-2144418.45791378 3220852.72516769
-2141418.96897701 3220852.72516769
-2153416.92472406 3223852.21410445
-2150417.4357873 3223852.21410445
-2147417.94685054 3223852.21410445
-2144418.45791378 3223852.21410445
-2141418.96897701 3223852.21410445
-2153416.92472406 3226851.70304121
-2150417.4357873 3226851.70304121
-2147417.94685054 3226851.70304121
-2144418.45791378 3226851.70304121
-2141418.96897701 3226851.70304121
-2153416.92472406 3229851.19197797
-2150417.4357873 3229851.19197797
-2147417.94685054 3229851.19197797
-2144418.45791378 3229851.19197797
-2141418.96897701 3229851.19197797
-2153416.92472406 3232850.68091474
-2150417.4357873 3232850.68091474
-2147417.94685054 3232850.68091474
-2144418.45791378 3232850.68091474
-2141418.96897701 3232850.68091474
-2153416.92472406 3235850.1698515
-2150417.4357873 3235850.1698515
-2147417.94685054 3235850.1698515
-2144418.45791378 3235850.1698515
-2141418.96897701 3235850.1698515
-2150417.4357873 3238849.65878826
-2147417.94685054 3238849.65878826
-2144418.45791378 3238849.65878826
-2141418.96897701 3238849.65878826
-2150417.4357873 3241849.14772502
-2147417.94685054 3241849.14772502
-2144418.45791378 3241849.14772502
-2141418.96897701 3241849.14772502
-2150417.4357873 3244848.63666179
-2147417.94685054 3244848.63666179
-2144418.45791378 3244848.63666179
-2141418.96897701 3244848.63666179
-2147417.94685054 3247848.12559855
-2144418.45791378 3247848.12559855
-2147417.94685054 3250847.61453531
-2144418.45791378 3250847.61453531
-2147417.94685054 3253847.10347207
-2063432.2566212 3553795.9971483
-2063432.2566212 3556795.48608506
-2060432.76768443 3556795.48608506
-2057433.27874767 3556795.48608506
-2063432.2566212 3559794.97502182
-2060432.76768443 3559794.97502182
-2057433.27874767 3559794.97502182
-2054433.78981091 3559794.97502182
-2051434.30087415 3559794.97502182
-2060432.76768443 3562794.46395859
-2057433.27874767 3562794.46395859
-2054433.78981091 3562794.46395859
-2051434.30087415 3562794.46395859
-2048434.81193738 3562794.46395859
-2060432.76768443 3565793.95289535
-2057433.27874767 3565793.95289535
-2054433.78981091 3565793.95289535
-2051434.30087415 3565793.95289535
-2048434.81193738 3565793.95289535
-2060432.76768443 3568793.44183211
-2057433.27874767 3568793.44183211
-2054433.78981091 3568793.44183211
-2051434.30087415 3568793.44183211
-2048434.81193738 3568793.44183211
-2045435.32300062 3568793.44183211
-2057433.27874767 3571792.93076887
-2054433.78981091 3571792.93076887
-2051434.30087415 3571792.93076887
-2048434.81193738 3571792.93076887
-2045435.32300062 3571792.93076887
-2057433.27874767 3574792.41970564
-2054433.78981091 3574792.41970564
-2051434.30087415 3574792.41970564
-2048434.81193738 3574792.41970564
-2045435.32300062 3574792.41970564
-2042435.83406386 3574792.41970564
-2057433.27874767 3577791.9086424
-2054433.78981091 3577791.9086424
-2051434.30087415 3577791.9086424
-2048434.81193738 3577791.9086424
-2045435.32300062 3577791.9086424
-2042435.83406386 3577791.9086424
-2039436.3451271 3577791.9086424
-2057433.27874767 3580791.39757916
-2054433.78981091 3580791.39757916
-2051434.30087415 3580791.39757916
-2048434.81193738 3580791.39757916
-2045435.32300062 3580791.39757916
-2042435.83406386 3580791.39757916
-2039436.3451271 3580791.39757916
-2057433.27874767 3583790.88651592
-2054433.78981091 3583790.88651592
-2051434.30087415 3583790.88651592
-2048434.81193738 3583790.88651592
-2045435.32300062 3583790.88651592
-2042435.83406386 3583790.88651592
-2039436.3451271 3583790.88651592
-2036436.85619034 3583790.88651592
-2054433.78981091 3586790.37545269
-2051434.30087415 3586790.37545269
-2048434.81193738 3586790.37545269
-2045435.32300062 3586790.37545269
-2042435.83406386 3586790.37545269
-2039436.3451271 3586790.37545269
-2036436.85619034 3586790.37545269
-2054433.78981091 3589789.86438945
-2051434.30087415 3589789.86438945
-2048434.81193738 3589789.86438945
-2045435.32300062 3589789.86438945
-2042435.83406386 3589789.86438945
-2039436.3451271 3589789.86438945
-2036436.85619034 3589789.86438945
-2033437.36725357 3589789.86438945
-2054433.78981091 3592789.35332621
-2051434.30087415 3592789.35332621
-2048434.81193738 3592789.35332621
-2045435.32300062 3592789.35332621
-2042435.83406386 3592789.35332621
-2039436.3451271 3592789.35332621
-2036436.85619034 3592789.35332621
-2033437.36725357 3592789.35332621
-2054433.78981091 3595788.84226297
-2051434.30087415 3595788.84226297
-2048434.81193738 3595788.84226297
-2045435.32300062 3595788.84226297
-2042435.83406386 3595788.84226297
-2039436.3451271 3595788.84226297
-2036436.85619034 3595788.84226297
-2033437.36725357 3595788.84226297
-2030437.87831681 3595788.84226297
-2051434.30087415 3598788.33119973
-2048434.81193738 3598788.33119973
-2045435.32300062 3598788.33119973
-2042435.83406386 3598788.33119973
-2039436.3451271 3598788.33119973
-2036436.85619034 3598788.33119973
-2033437.36725357 3598788.33119973
-2030437.87831681 3598788.33119973
-2051434.30087415 3601787.8201365
-2048434.81193738 3601787.8201365
-2045435.32300062 3601787.8201365
-2042435.83406386 3601787.8201365
-2039436.3451271 3601787.8201365
-2036436.85619034 3601787.8201365
-2033437.36725357 3601787.8201365
-2030437.87831681 3601787.8201365
-2027438.38938005 3601787.8201365
-2051434.30087415 3604787.30907326
-2048434.81193738 3604787.30907326
-2045435.32300062 3604787.30907326
-2042435.83406386 3604787.30907326
-2039436.3451271 3604787.30907326
-2036436.85619034 3604787.30907326
-2033437.36725357 3604787.30907326
-2030437.87831681 3604787.30907326
-2027438.38938005 3604787.30907326
-2024438.90044329 3604787.30907326
-2048434.81193738 3607786.79801002
-2045435.32300062 3607786.79801002
-2042435.83406386 3607786.79801002
-2039436.3451271 3607786.79801002
-2036436.85619034 3607786.79801002
-2033437.36725357 3607786.79801002
-2030437.87831681 3607786.79801002
-2027438.38938005 3607786.79801002
-2024438.90044329 3607786.79801002
-2048434.81193738 3610786.28694678
-2045435.32300062 3610786.28694678
-2042435.83406386 3610786.28694678
-2039436.3451271 3610786.28694678
-2036436.85619034 3610786.28694678
-2033437.36725357 3610786.28694678
-2030437.87831681 3610786.28694678
-2027438.38938005 3610786.28694678
-2024438.90044329 3610786.28694678
-2021439.41150652 3610786.28694678
-2048434.81193738 3613785.77588355
-2045435.32300062 3613785.77588355
-2042435.83406386 3613785.77588355
-2039436.3451271 3613785.77588355
-2036436.85619034 3613785.77588355
-2033437.36725357 3613785.77588355
-2030437.87831681 3613785.77588355
-2027438.38938005 3613785.77588355
-2024438.90044329 3613785.77588355
-2021439.41150652 3613785.77588355
-2045435.32300062 3616785.26482031
-2042435.83406386 3616785.26482031
-2039436.3451271 3616785.26482031
-2036436.85619034 3616785.26482031
-2033437.36725357 3616785.26482031
-2030437.87831681 3616785.26482031
-2027438.38938005 3616785.26482031
-2024438.90044329 3616785.26482031
-2021439.41150652 3616785.26482031
-2018439.92256976 3616785.26482031
-2045435.32300062 3619784.75375707
-2042435.83406386 3619784.75375707
-2039436.3451271 3619784.75375707
-2036436.85619034 3619784.75375707
-2033437.36725357 3619784.75375707
-2030437.87831681 3619784.75375707
-2027438.38938005 3619784.75375707
-2024438.90044329 3619784.75375707
-2021439.41150652 3619784.75375707
-2018439.92256976 3619784.75375707
-2045435.32300062 3622784.24269383
-2042435.83406386 3622784.24269383
-2039436.3451271 3622784.24269383
-2036436.85619034 3622784.24269383
-2033437.36725357 3622784.24269383
-2030437.87831681 3622784.24269383
-2027438.38938005 3622784.24269383
-2024438.90044329 3622784.24269383
-2021439.41150652 3622784.24269383
-2018439.92256976 3622784.24269383
-2015440.433633 3622784.24269383
-2042435.83406386 3625783.73163059
-2039436.3451271 3625783.73163059
-2036436.85619034 3625783.73163059
-2033437.36725357 3625783.73163059
-2030437.87831681 3625783.73163059
-2027438.38938005 3625783.73163059
-2024438.90044329 3625783.73163059
-2021439.41150652 3625783.73163059
-2018439.92256976 3625783.73163059
-2015440.433633 3625783.73163059
-2042435.83406386 3628783.22056736
-2039436.3451271 3628783.22056736
-2036436.85619034 3628783.22056736
-2033437.36725357 3628783.22056736
-2030437.87831681 3628783.22056736
-2027438.38938005 3628783.22056736
-2024438.90044329 3628783.22056736
-2021439.41150652 3628783.22056736
-2018439.92256976 3628783.22056736
-2015440.433633 3628783.22056736
-2012440.94469624 3628783.22056736
-2042435.83406386 3631782.70950412
-2039436.3451271 3631782.70950412
-2036436.85619034 3631782.70950412
-2033437.36725357 3631782.70950412
-2030437.87831681 3631782.70950412
-2027438.38938005 3631782.70950412
-2024438.90044329 3631782.70950412
-2021439.41150652 3631782.70950412
-2018439.92256976 3631782.70950412
-2015440.433633 3631782.70950412
-2012440.94469624 3631782.70950412
-2009441.45575947 3631782.70950412
-2042435.83406386 3634782.19844088
-2039436.3451271 3634782.19844088
-2036436.85619034 3634782.19844088
-2033437.36725357 3634782.19844088
-2030437.87831681 3634782.19844088
-2027438.38938005 3634782.19844088
-2024438.90044329 3634782.19844088
-2021439.41150652 3634782.19844088
-2018439.92256976 3634782.19844088
-2015440.433633 3634782.19844088
-2012440.94469624 3634782.19844088
-2009441.45575947 3634782.19844088
-2039436.3451271 3637781.68737764
-2036436.85619034 3637781.68737764
-2033437.36725357 3637781.68737764
-2030437.87831681 3637781.68737764
-2027438.38938005 3637781.68737764
-2024438.90044329 3637781.68737764
-2021439.41150652 3637781.68737764
-2018439.92256976 3637781.68737764
-2015440.433633 3637781.68737764
-2012440.94469624 3637781.68737764
-2009441.45575947 3637781.68737764
-2039436.3451271 3640781.17631441
-2036436.85619034 3640781.17631441
-2033437.36725357 3640781.17631441
-2030437.87831681 3640781.17631441
-2027438.38938005 3640781.17631441
-2024438.90044329 3640781.17631441
-2021439.41150652 3640781.17631441
-2018439.92256976 3640781.17631441
-2015440.433633 3640781.17631441
-2012440.94469624 3640781.17631441
-2009441.45575947 3640781.17631441
-2039436.3451271 3643780.66525117
-2036436.85619034 3643780.66525117
-2033437.36725357 3643780.66525117
-2030437.87831681 3643780.66525117
-2027438.38938005 3643780.66525117
-2024438.90044329 3643780.66525117
-2021439.41150652 3643780.66525117
-2018439.92256976 3643780.66525117
-2015440.433633 3643780.66525117
-2012440.94469624 3643780.66525117
-2009441.45575947 3643780.66525117
-2039436.3451271 3646780.15418793
-2036436.85619034 3646780.15418793
-2033437.36725357 3646780.15418793
-2030437.87831681 3646780.15418793
-2027438.38938005 3646780.15418793
-2024438.90044329 3646780.15418793
-2021439.41150652 3646780.15418793
-2018439.92256976 3646780.15418793
-2015440.433633 3646780.15418793
-2012440.94469624 3646780.15418793
-2039436.3451271 3649779.64312469
-2036436.85619034 3649779.64312469
-2033437.36725357 3649779.64312469
-2030437.87831681 3649779.64312469
-2027438.38938005 3649779.64312469
-2024438.90044329 3649779.64312469
-2021439.41150652 3649779.64312469
-2018439.92256976 3649779.64312469
-2015440.433633 3649779.64312469
-2012440.94469624 3649779.64312469
-2039436.3451271 3652779.13206145
-2036436.85619034 3652779.13206145
-2033437.36725357 3652779.13206145
-2030437.87831681 3652779.13206145
-2027438.38938005 3652779.13206145
-2024438.90044329 3652779.13206145
-2021439.41150652 3652779.13206145
-2018439.92256976 3652779.13206145
-2015440.433633 3652779.13206145
-2012440.94469624 3652779.13206145
-2039436.3451271 3655778.62099822
-2036436.85619034 3655778.62099822
-2033437.36725357 3655778.62099822
-2030437.87831681 3655778.62099822
-2027438.38938005 3655778.62099822
-2024438.90044329 3655778.62099822
-2021439.41150652 3655778.62099822
-2018439.92256976 3655778.62099822
-2015440.433633 3655778.62099822
-2012440.94469624 3655778.62099822
-2036436.85619034 3658778.10993498
-2033437.36725357 3658778.10993498
-2030437.87831681 3658778.10993498
-2027438.38938005 3658778.10993498
-2024438.90044329 3658778.10993498
-2021439.41150652 3658778.10993498
-2018439.92256976 3658778.10993498
-2015440.433633 3658778.10993498
-2012440.94469624 3658778.10993498
-2036436.85619034 3661777.59887174
-2033437.36725357 3661777.59887174
-2030437.87831681 3661777.59887174
-2027438.38938005 3661777.59887174
-2024438.90044329 3661777.59887174
-2021439.41150652 3661777.59887174
-2018439.92256976 3661777.59887174
-2015440.433633 3661777.59887174
-2012440.94469624 3661777.59887174
-2033437.36725357 3664777.0878085
-2030437.87831681 3664777.0878085
-2027438.38938005 3664777.0878085
-2024438.90044329 3664777.0878085
-2021439.41150652 3664777.0878085
-2018439.92256976 3664777.0878085
-2015440.433633 3664777.0878085
-2012440.94469624 3664777.0878085
-2009441.45575947 3664777.0878085
-2033437.36725357 3667776.57674527
-2030437.87831681 3667776.57674527
-2027438.38938005 3667776.57674527
-2024438.90044329 3667776.57674527
-2021439.41150652 3667776.57674527
-2018439.92256976 3667776.57674527
-2015440.433633 3667776.57674527
-2012440.94469624 3667776.57674527
-2009441.45575947 3667776.57674527
-2030437.87831681 3670776.06568203
-2027438.38938005 3670776.06568203
-2024438.90044329 3670776.06568203
-2021439.41150652 3670776.06568203
-2018439.92256976 3670776.06568203
-2015440.433633 3670776.06568203
-2012440.94469624 3670776.06568203
-2009441.45575947 3670776.06568203
-2030437.87831681 3673775.55461879
-2027438.38938005 3673775.55461879
-2024438.90044329 3673775.55461879
-2021439.41150652 3673775.55461879
-2018439.92256976 3673775.55461879
-2015440.433633 3673775.55461879
-2012440.94469624 3673775.55461879
-2009441.45575947 3673775.55461879
-2006441.96682271 3673775.55461879
-2027438.38938005 3676775.04355555
-2024438.90044329 3676775.04355555
-2021439.41150652 3676775.04355555
-2018439.92256976 3676775.04355555
-2015440.433633 3676775.04355555
-2012440.94469624 3676775.04355555
-2009441.45575947 3676775.04355555
-2006441.96682271 3676775.04355555
-2024438.90044329 3679774.53249232
-2021439.41150652 3679774.53249232
-2018439.92256976 3679774.53249232
-2015440.433633 3679774.53249232
-2012440.94469624 3679774.53249232
-2009441.45575947 3679774.53249232
-2006441.96682271 3679774.53249232
-2003442.47788595 3679774.53249232
-2024438.90044329 3682774.02142908
-2021439.41150652 3682774.02142908
-2018439.92256976 3682774.02142908
-2015440.433633 3682774.02142908
-2012440.94469624 3682774.02142908
-2009441.45575947 3682774.02142908
-2006441.96682271 3682774.02142908
-2003442.47788595 3682774.02142908
-2021439.41150652 3685773.51036584
-2018439.92256976 3685773.51036584
-2015440.433633 3685773.51036584
-2012440.94469624 3685773.51036584
-2009441.45575947 3685773.51036584
-2006441.96682271 3685773.51036584
-2003442.47788595 3685773.51036584
-2018439.92256976 3688772.9993026
-2015440.433633 3688772.9993026
-2012440.94469624 3688772.9993026
-2009441.45575947 3688772.9993026
-2006441.96682271 3688772.9993026
-2003442.47788595 3688772.9993026
-2000442.98894919 3688772.9993026
-2018439.92256976 3691772.48823936
-2015440.433633 3691772.48823936
-2012440.94469624 3691772.48823936
-2009441.45575947 3691772.48823936
-2006441.96682271 3691772.48823936
-2003442.47788595 3691772.48823936
-2000442.98894919 3691772.48823936
-2015440.433633 3694771.97717613
-2012440.94469624 3694771.97717613
-2009441.45575947 3694771.97717613
-2006441.96682271 3694771.97717613
-2003442.47788595 3694771.97717613
-2000442.98894919 3694771.97717613
-1997443.50001243 3694771.97717613
-2006441.96682271 3697771.46611289
-2003442.47788595 3697771.46611289
-1850084.80952704 3910752.30566217
-1853094.32460474 3913761.82073988
-1850084.80952704 3913761.82073988
-1853094.32460474 3916771.33581758
-1850084.80952704 3916771.33581758
-1847075.29444933 3916771.33581758
-1850084.80952704 3919780.85089528
-1847075.29444933 3919780.85089528
-1847075.29444933 3922790.36597299
-1844065.77937163 3925799.88105069
-1841056.26429393 3928809.39612839
-1799621.03266339 3679321.93410896
-1796630.86652252 3679321.93410896
-1799621.03266339 3682312.10024984
-1796630.86652252 3682312.10024984
-1793640.70038164 3682312.10024984
-1796630.86652252 3685302.26639072
-1793640.70038164 3685302.26639072
-1790650.53424076 3685302.26639072
-1787660.36809988 3685302.26639072
-1793640.70038164 3688292.4325316
-1790650.53424076 3688292.4325316
-1787660.36809988 3688292.4325316
-1784670.201959 3688292.4325316
-1793640.70038164 3691282.59867248
-1790650.53424076 3691282.59867248
-1787660.36809988 3691282.59867248
-1784670.201959 3691282.59867248
-1781680.03581812 3691282.59867248
-1790650.53424076 3694272.76481335
-1787660.36809988 3694272.76481335
-1784670.201959 3694272.76481335
-1781680.03581812 3694272.76481335
-1787660.36809988 3697262.93095423
-1784670.201959 3697262.93095423
-1781680.03581812 3697262.93095423
-1778689.86967725 3697262.93095423
-1784670.201959 3700253.09709511
-1781680.03581812 3700253.09709511
-1778689.86967725 3700253.09709511
-1775699.70353637 3700253.09709511
-1778689.86967725 3703243.26323599
-1775699.70353637 3703243.26323599
-1775699.70353637 3706233.42937687
-1772709.53739549 3706233.42937687
-1775699.70353637 3709223.59551775
-1772709.53739549 3709223.59551775
-1775699.70353637 3712213.76165862
-1772709.53739549 3712213.76165862
-1775699.70353637 3715203.9277995
-1772709.53739549 3715203.9277995
-1775699.70353637 3718194.09394038
-1772709.53739549 3718194.09394038
-1560407.74139313 4032161.53873261
-1557417.57525225 4032161.53873261
-1554427.40911137 4032161.53873261
-1551437.24297049 4032161.53873261
-1560407.74139313 4035151.70487349
-1557417.57525225 4035151.70487349
-1554427.40911137 4035151.70487349
-1551437.24297049 4035151.70487349
-1548447.07682961 4035151.70487349
-1557417.57525225 4038141.87101437
-1554427.40911137 4038141.87101437
-1551437.24297049 4038141.87101437
-1548447.07682961 4038141.87101437
-1545456.91068873 4038141.87101437
-1554427.40911137 4041132.03715524
-1551437.24297049 4041132.03715524
-1548447.07682961 4041132.03715524
-1545456.91068873 4041132.03715524
-1542466.74454786 4041132.03715524
-1551437.24297049 4044122.20329612
-1548447.07682961 4044122.20329612
-1512565.08313907 4080004.19698666
-1509574.91699819 4080004.19698666
-2157899.07649046 3363060.57925207
-2154909.42396732 3363060.57925207
-2157899.07649046 3366050.23177521
-2154909.42396732 3366050.23177521
-2151919.77144417 3366050.23177521
-2157899.07649046 3369039.88429836
-2154909.42396732 3369039.88429836
-2151919.77144417 3369039.88429836
-2148930.11892103 3369039.88429836
-2145940.46639788 3369039.88429836
-2154909.42396732 3372029.5368215
-2151919.77144417 3372029.5368215
-2148930.11892103 3372029.5368215
-2145940.46639788 3372029.5368215
-2142950.81387474 3372029.5368215
-2151919.77144417 3375019.18934465
-2148930.11892103 3375019.18934465
-2145940.46639788 3375019.18934465
-2142950.81387474 3375019.18934465
-2139961.16135159 3375019.18934465
-2136971.50882845 3375019.18934465
-2145940.46639788 3378008.84186779
-2142950.81387474 3378008.84186779
-2139961.16135159 3378008.84186779
-2136971.50882845 3378008.84186779
-2133981.8563053 3378008.84186779
-2139961.16135159 3380998.49439094
-2136971.50882845 3380998.49439094
-2133981.8563053 3398936.4095298
-2133981.8563053 3401926.06205295
-1800287.12681745 3680545.5627678
-1797271.74934737 3680545.5627678
-1794256.37187729 3680545.5627678
-1800287.12681745 3683560.94023788
-1797271.74934737 3683560.94023788
-1794256.37187729 3683560.94023788
-1791240.99440721 3683560.94023788
-1800287.12681745 3686576.31770795
-1797271.74934737 3686576.31770795
-1794256.37187729 3686576.31770795
-1791240.99440721 3686576.31770795
-1800287.12681745 3689591.69517803
-1797271.74934737 3689591.69517803
-1798978.64149176 4045231.8453676
-1796006.42538985 4045231.8453676
-1801950.85759367 4048204.06146951
-1798978.64149176 4048204.06146951
-1796006.42538985 4048204.06146951
-1804923.07369559 4051176.27757143
-1801950.85759367 4051176.27757143
-1870311.82793768 4116565.03181352
-1873284.04403959 4125481.68011926
-1873284.04403959 4128453.89622117
-1870311.82793768 4128453.89622117
-1873284.04403959 4131426.11232309
-1870311.82793768 4131426.11232309
-1876256.26014151 4134398.328425
-1873284.04403959 4134398.328425
-1870311.82793768 4134398.328425
-1876256.26014151 4137370.54452691
-1873284.04403959 4137370.54452691
-1870311.82793768 4137370.54452691
-1876256.26014151 4140342.76062883
-1873284.04403959 4140342.76062883
-1870311.82793768 4140342.76062883
-1876256.26014151 4143314.97673074
-1873284.04403959 4143314.97673074
-1870311.82793768 4143314.97673074
-1873284.04403959 4146287.19283265
-1870311.82793768 4146287.19283265
-1873284.04403959 4149259.40893457
-1870311.82793768 4149259.40893457
-1873284.04403959 4152231.62503648
-1870311.82793768 4152231.62503648
-1873284.04403959 4155203.84113839
-1870311.82793768 4155203.84113839
-1867339.61183577 4155203.84113839
-1873284.04403959 4158176.05724031
-1870311.82793768 4158176.05724031
-1867339.61183577 4158176.05724031
-1876256.26014151 4161148.27334222
-1873284.04403959 4161148.27334222
-1870311.82793768 4161148.27334222
-1867339.61183577 4161148.27334222
-1876256.26014151 4164120.48944413
-1873284.04403959 4164120.48944413
-1870311.82793768 4164120.48944413
-1879228.47624342 4167092.70554605
-1876256.26014151 4167092.70554605
-1873284.04403959 4167092.70554605
-2134622.56366567 3401256.44669169
-2134622.56366567 3404316.08171818
-2131562.92863918 3404316.08171818
-2151391.44420748 3371205.1286643
-2148409.17176557 3371205.1286643
-2145426.89932367 3371205.1286643
-2154373.71664939 3374187.40110621
-2151391.44420748 3374187.40110621
-2148409.17176557 3374187.40110621
-2145426.89932367 3374187.40110621
-2142444.62688176 3374187.40110621
-2154373.71664939 3377169.67354812
-2151391.44420748 3377169.67354812
-2148409.17176557 3377169.67354812
-2145426.89932367 3377169.67354812
-2142444.62688176 3377169.67354812
-2139462.35443985 3377169.67354812
-2154373.71664939 3380151.94599003
-2151391.44420748 3380151.94599003
-2148409.17176557 3380151.94599003
-2145426.89932367 3380151.94599003
-2142444.62688176 3380151.94599003
-2139462.35443985 3380151.94599003
-2136480.08199794 3380151.94599003
-2154373.71664939 3383134.21843194
-2151391.44420748 3383134.21843194
-2148409.17176557 3383134.21843194
-2145426.89932367 3383134.21843194
-2142444.62688176 3383134.21843194
-2139462.35443985 3383134.21843194
-2136480.08199794 3383134.21843194
-2133497.80955603 3383134.21843194
-2154373.71664939 3386116.49087384
-2151391.44420748 3386116.49087384
-2148409.17176557 3386116.49087384
-2145426.89932367 3386116.49087384
-2142444.62688176 3386116.49087384
-2139462.35443985 3386116.49087384
-2136480.08199794 3386116.49087384
-2133497.80955603 3386116.49087384
-2151391.44420748 3389098.76331575
-2148409.17176557 3389098.76331575
-2145426.89932367 3389098.76331575
-2142444.62688176 3389098.76331575
-2139462.35443985 3389098.76331575
-2136480.08199794 3389098.76331575
-2133497.80955603 3389098.76331575
-2151391.44420748 3392081.03575766
-2148409.17176557 3392081.03575766
-2145426.89932367 3392081.03575766
-2142444.62688176 3392081.03575766
-2139462.35443985 3392081.03575766
-2136480.08199794 3392081.03575766
-2133497.80955603 3392081.03575766
-2148409.17176557 3395063.30819957
-2145426.89932367 3395063.30819957
-2142444.62688176 3395063.30819957
-2139462.35443985 3395063.30819957
-2136480.08199794 3395063.30819957
-2133497.80955603 3395063.30819957
-2145426.89932367 3398045.58064148
-2142444.62688176 3398045.58064148
-2139462.35443985 3398045.58064148
-2136480.08199794 3398045.58064148
-2133497.80955603 3398045.58064148
-2142444.62688176 3401027.85308339
-2139462.35443985 3401027.85308339
-2136480.08199794 3401027.85308339
-2139462.35443985 3404010.1255253
-2136480.08199794 3404010.1255253
-2138322.70573505 3400259.01055979
-2135464.36582849 3400259.01055979
-2138322.70573505 3403117.35046635
-2135464.36582849 3403117.35046635
-2132606.02592193 3403117.35046635
-2138322.70573505 3405975.69037292
-2135464.36582849 3405975.69037292
-2132606.02592193 3405975.69037292
-2139248.08011929 3400868.12752503
-2136235.4670003 3400868.12752503
-2139248.08011929 3403880.74064403
-2136235.4670003 3403880.74064403
-2139248.08011929 3406893.35376302
-2136235.4670003 3406893.35376302
-2100202.29470649 3524950.36217448
-2102867.80408679 3527615.87155479
-2102867.80408679 3535612.39969571
-2100202.29470649 3538277.90907602
-2097536.78532618 3540943.41845633
-1835961.6484796 3961548.70170982
