-2069936.18278912 3577489.76223569
-2075866.6915188 3580455.01660053
-2072901.43715396 3580455.01660053
-2069936.18278912 3580455.01660053
-2066970.92842428 3580455.01660053
-2064005.67405944 3580455.01660053
-2078831.94588364 3583420.27096537
-2075866.6915188 3583420.27096537
-2072901.43715396 3583420.27096537
-2069936.18278912 3583420.27096537
-2066970.92842428 3583420.27096537
-2064005.67405944 3583420.27096537
-2061040.4196946 3583420.27096537
-2069936.18278912 3586385.52533021
-2066970.92842428 3586385.52533021
-2064005.67405944 3586385.52533021
-2061040.4196946 3586385.52533021
-2058075.16532976 3586385.52533021
-2069936.18278912 3589350.77969505
-2066970.92842428 3589350.77969505
-2064005.67405944 3589350.77969505
-2061040.4196946 3589350.77969505
-2058075.16532976 3589350.77969505
-2069936.18278912 3592316.03405989
-2066970.92842428 3592316.03405989
-2064005.67405944 3592316.03405989
-2061040.4196946 3592316.03405989
-2058075.16532976 3592316.03405989
-2069936.18278912 3595281.28842473
-2066970.92842428 3595281.28842473
-2064005.67405944 3595281.28842473
-2061040.4196946 3595281.28842473
-2069936.18278912 3598246.54278957
-2066970.92842428 3598246.54278957
-2064005.67405944 3598246.54278957
-2144798.56432275 4211637.5134436
-2141798.780785 4211637.5134436
-2147798.34786051 4214637.29698136
-2144798.56432275 4214637.29698136
-2141798.780785 4214637.29698136
-2153797.91493601 4217637.08051911
-2150798.13139826 4217637.08051911
-2147798.34786051 4217637.08051911
-2144798.56432275 4217637.08051911
-2141798.780785 4217637.08051911
-2156797.69847377 4220636.86405686
-2153797.91493601 4220636.86405686
-2150798.13139826 4220636.86405686
-2147798.34786051 4220636.86405686
-2144798.56432275 4220636.86405686
-2141798.780785 4220636.86405686
-2159797.48201152 4223636.64759462
-2156797.69847377 4223636.64759462
-2153797.91493601 4223636.64759462
-2150798.13139826 4223636.64759462
-2147798.34786051 4223636.64759462
-2144798.56432275 4223636.64759462
-2141798.780785 4223636.64759462
-2138798.99724725 4223636.64759462
-2162797.26554927 4226636.43113237
-2159797.48201152 4226636.43113237
-2156797.69847377 4226636.43113237
-2153797.91493601 4226636.43113237
-2150798.13139826 4226636.43113237
-2147798.34786051 4226636.43113237
-2144798.56432275 4226636.43113237
-2141798.780785 4226636.43113237
-2138798.99724725 4226636.43113237
-2165797.04908703 4229636.21467012
-2162797.26554927 4229636.21467012
-2159797.48201152 4229636.21467012
-2156797.69847377 4229636.21467012
-2153797.91493601 4229636.21467012
-2150798.13139826 4229636.21467012
-2147798.34786051 4229636.21467012
-2144798.56432275 4229636.21467012
-2141798.780785 4229636.21467012
-2138798.99724725 4229636.21467012
-2168796.83262478 4232635.99820788
-2165797.04908703 4232635.99820788
-2162797.26554927 4232635.99820788
-2159797.48201152 4232635.99820788
-2156797.69847377 4232635.99820788
-2153797.91493601 4232635.99820788
-2150798.13139826 4232635.99820788
-2147798.34786051 4232635.99820788
-2144798.56432275 4232635.99820788
-2141798.780785 4232635.99820788
-2138798.99724725 4232635.99820788
-2171796.61616253 4235635.78174563
-2168796.83262478 4235635.78174563
-2165797.04908703 4235635.78174563
-2162797.26554927 4235635.78174563
-2159797.48201152 4235635.78174563
-2156797.69847377 4235635.78174563
-2153797.91493601 4235635.78174563
-2150798.13139826 4235635.78174563
-2147798.34786051 4235635.78174563
-2144798.56432275 4235635.78174563
-2141798.780785 4235635.78174563
-2138798.99724725 4235635.78174563
-2135799.21370949 4235635.78174563
-2132799.43017174 4235635.78174563
-2174796.39970029 4238635.56528338
-2171796.61616253 4238635.56528338
-2168796.83262478 4238635.56528338
-2165797.04908703 4238635.56528338
-2162797.26554927 4238635.56528338
-2159797.48201152 4238635.56528338
-2156797.69847377 4238635.56528338
-2153797.91493601 4238635.56528338
-2150798.13139826 4238635.56528338
-2147798.34786051 4238635.56528338
-2144798.56432275 4238635.56528338
-2141798.780785 4238635.56528338
-2138798.99724725 4238635.56528338
-2135799.21370949 4238635.56528338
-2132799.43017174 4238635.56528338
-2129799.64663399 4238635.56528338
-2177796.18323804 4241635.34882114
-2174796.39970029 4241635.34882114
-2171796.61616253 4241635.34882114
-2168796.83262478 4241635.34882114
-2165797.04908703 4241635.34882114
-2162797.26554927 4241635.34882114
-2159797.48201152 4241635.34882114
-2156797.69847377 4241635.34882114
-2153797.91493601 4241635.34882114
-2150798.13139826 4241635.34882114
-2147798.34786051 4241635.34882114
-2144798.56432275 4241635.34882114
-2129799.64663399 4241635.34882114
-2126799.86309623 4241635.34882114
-2177796.18323804 4244635.13235889
-2174796.39970029 4244635.13235889
-2171796.61616253 4244635.13235889
-2168796.83262478 4244635.13235889
-2165797.04908703 4244635.13235889
-2162797.26554927 4244635.13235889
-2159797.48201152 4244635.13235889
-2156797.69847377 4244635.13235889
-2153797.91493601 4244635.13235889
-2150798.13139826 4244635.13235889
-2129799.64663399 4244635.13235889
-2126799.86309623 4244635.13235889
-2111800.94540747 4244635.13235889
-2108801.16186971 4244635.13235889
-2177796.18323804 4247634.91589664
-2174796.39970029 4247634.91589664
-2171796.61616253 4247634.91589664
-2168796.83262478 4247634.91589664
-2165797.04908703 4247634.91589664
-2162797.26554927 4247634.91589664
-2159797.48201152 4247634.91589664
-2156797.69847377 4247634.91589664
-2153797.91493601 4247634.91589664
-2129799.64663399 4247634.91589664
-2114800.72894522 4247634.91589664
-2111800.94540747 4247634.91589664
-2108801.16186971 4247634.91589664
-2105801.37833196 4247634.91589664
-2180795.96677579 4250634.6994344
-2177796.18323804 4250634.6994344
-2174796.39970029 4250634.6994344
-2171796.61616253 4250634.6994344
-2168796.83262478 4250634.6994344
-2165797.04908703 4250634.6994344
-2162797.26554927 4250634.6994344
-2159797.48201152 4250634.6994344
-2132799.43017174 4250634.6994344
-2129799.64663399 4250634.6994344
-2117800.51248297 4250634.6994344
-2114800.72894522 4250634.6994344
-2105801.37833196 4250634.6994344
-2180795.96677579 4253634.48297215
-2177796.18323804 4253634.48297215
-2174796.39970029 4253634.48297215
-2171796.61616253 4253634.48297215
-2168796.83262478 4253634.48297215
-2165797.04908703 4253634.48297215
-2162797.26554927 4253634.48297215
-2135799.21370949 4253634.48297215
-2132799.43017174 4253634.48297215
-2120800.29602073 4253634.48297215
-2117800.51248297 4253634.48297215
-2105801.37833196 4253634.48297215
-2102801.59479421 4253634.48297215
-2177796.18323804 4256634.2665099
-2174796.39970029 4256634.2665099
-2171796.61616253 4256634.2665099
-2168796.83262478 4256634.2665099
-2165797.04908703 4256634.2665099
-2135799.21370949 4256634.2665099
-2120800.29602073 4256634.2665099
-2102801.59479421 4256634.2665099
-2099801.81125645 4256634.2665099
-2135799.21370949 4259634.05004766
-2132799.43017174 4259634.05004766
-2123800.07955848 4259634.05004766
-2120800.29602073 4259634.05004766
-2099801.81125645 4259634.05004766
-2135799.21370949 4262633.83358541
-2132799.43017174 4262633.83358541
-2126799.86309623 4262633.83358541
-2123800.07955848 4262633.83358541
-2099801.81125645 4262633.83358541
-2096802.0277187 4262633.83358541
-2132799.43017174 4265633.61712316
-2129799.64663399 4265633.61712316
-2126799.86309623 4265633.61712316
-2096802.0277187 4265633.61712316
-2132799.43017174 4268633.40066092
-2129799.64663399 4268633.40066092
-2096802.0277187 4268633.40066092
-2093802.24418095 4268633.40066092
-2093802.24418095 4271633.18419867
-2090802.46064319 4271633.18419867
-2087802.67710544 4271633.18419867
-2084802.89356769 4271633.18419867
-2087802.67710544 4274632.96773642
-2084802.89356769 4274632.96773642
-2081803.11002993 4274632.96773642
-2084802.89356769 4277632.75127418
-2081803.11002993 4277632.75127418
-2087802.67710544 4280632.53481193
-2084802.89356769 4280632.53481193
-2609765.01267452 4283632.31834968
-2087802.67710544 4283632.31834968
-2642762.63158981 4286632.10188744
-2639762.84805206 4286632.10188744
-2636763.0645143 4286632.10188744
-2633763.28097655 4286632.10188744
-2630763.4974388 4286632.10188744
-2627763.71390104 4286632.10188744
-2624763.93036329 4286632.10188744
-2621764.14682554 4286632.10188744
-2618764.36328778 4286632.10188744
-2615764.57975003 4286632.10188744
-2612764.79621228 4286632.10188744
-2609765.01267452 4286632.10188744
-2606765.22913677 4286632.10188744
-2603765.44559902 4286632.10188744
-2600765.66206126 4286632.10188744
-2597765.87852351 4286632.10188744
-2594766.09498576 4286632.10188744
-2591766.311448 4286632.10188744
-2588766.52791025 4286632.10188744
-2585766.7443725 4286632.10188744
-2582766.96083474 4286632.10188744
-2087802.67710544 4286632.10188744
-2657761.54927858 4289631.88542519
-2654761.76574082 4289631.88542519
-2651761.98220307 4289631.88542519
-2648762.19866532 4289631.88542519
-2645762.41512757 4289631.88542519
-2642762.63158981 4289631.88542519
-2639762.84805206 4289631.88542519
-2636763.0645143 4289631.88542519
-2633763.28097655 4289631.88542519
-2630763.4974388 4289631.88542519
-2627763.71390104 4289631.88542519
-2624763.93036329 4289631.88542519
-2621764.14682554 4289631.88542519
-2618764.36328778 4289631.88542519
-2615764.57975003 4289631.88542519
-2612764.79621228 4289631.88542519
-2609765.01267452 4289631.88542519
-2606765.22913677 4289631.88542519
-2603765.44559902 4289631.88542519
-2600765.66206126 4289631.88542519
-2597765.87852351 4289631.88542519
-2594766.09498576 4289631.88542519
-2591766.311448 4289631.88542519
-2588766.52791025 4289631.88542519
-2585766.7443725 4289631.88542519
-2582766.96083474 4289631.88542519
-2579767.17729699 4289631.88542519
-2576767.39375924 4289631.88542519
-2573767.61022148 4289631.88542519
-2570767.82668373 4289631.88542519
-2567768.04314598 4289631.88542519
-2564768.25960822 4289631.88542519
-2090802.46064319 4289631.88542519
-2087802.67710544 4289631.88542519
-2669760.68342959 4292631.66896294
-2666760.89989184 4292631.66896294
-2663761.11635409 4292631.66896294
-2660761.33281633 4292631.66896294
-2657761.54927858 4292631.66896294
-2654761.76574082 4292631.66896294
-2651761.98220307 4292631.66896294
-2648762.19866532 4292631.66896294
-2645762.41512757 4292631.66896294
-2642762.63158981 4292631.66896294
-2639762.84805206 4292631.66896294
-2636763.0645143 4292631.66896294
-2633763.28097655 4292631.66896294
-2630763.4974388 4292631.66896294
-2627763.71390104 4292631.66896294
-2624763.93036329 4292631.66896294
-2621764.14682554 4292631.66896294
-2618764.36328778 4292631.66896294
-2615764.57975003 4292631.66896294
-2612764.79621228 4292631.66896294
-2609765.01267452 4292631.66896294
-2606765.22913677 4292631.66896294
-2603765.44559902 4292631.66896294
-2600765.66206126 4292631.66896294
-2597765.87852351 4292631.66896294
-2594766.09498576 4292631.66896294
-2591766.311448 4292631.66896294
-2588766.52791025 4292631.66896294
-2585766.7443725 4292631.66896294
-2582766.96083474 4292631.66896294
-2579767.17729699 4292631.66896294
-2576767.39375924 4292631.66896294
-2573767.61022148 4292631.66896294
-2570767.82668373 4292631.66896294
-2567768.04314598 4292631.66896294
-2564768.25960822 4292631.66896294
-2561768.47607047 4292631.66896294
-2558768.69253272 4292631.66896294
-2555768.90899496 4292631.66896294
-2552769.12545721 4292631.66896294
-2549769.34191946 4292631.66896294
-2090802.46064319 4292631.66896294
-2087802.67710544 4292631.66896294
-2084802.89356769 4292631.66896294
-2081803.11002993 4292631.66896294
-2678760.03404285 4295631.4525007
-2675760.2505051 4295631.4525007
-2672760.46696735 4295631.4525007
-2669760.68342959 4295631.4525007
-2666760.89989184 4295631.4525007
-2663761.11635409 4295631.4525007
-2660761.33281633 4295631.4525007
-2657761.54927858 4295631.4525007
-2654761.76574082 4295631.4525007
-2651761.98220307 4295631.4525007
-2648762.19866532 4295631.4525007
-2645762.41512757 4295631.4525007
-2642762.63158981 4295631.4525007
-2639762.84805206 4295631.4525007
-2636763.0645143 4295631.4525007
-2633763.28097655 4295631.4525007
-2630763.4974388 4295631.4525007
-2627763.71390104 4295631.4525007
-2624763.93036329 4295631.4525007
-2621764.14682554 4295631.4525007
-2618764.36328778 4295631.4525007
-2615764.57975003 4295631.4525007
-2612764.79621228 4295631.4525007
-2609765.01267452 4295631.4525007
-2606765.22913677 4295631.4525007
-2603765.44559902 4295631.4525007
-2600765.66206126 4295631.4525007
-2597765.87852351 4295631.4525007
-2594766.09498576 4295631.4525007
-2591766.311448 4295631.4525007
-2588766.52791025 4295631.4525007
-2585766.7443725 4295631.4525007
-2582766.96083474 4295631.4525007
-2579767.17729699 4295631.4525007
-2576767.39375924 4295631.4525007
-2573767.61022148 4295631.4525007
-2570767.82668373 4295631.4525007
-2567768.04314598 4295631.4525007
-2564768.25960822 4295631.4525007
-2561768.47607047 4295631.4525007
-2558768.69253272 4295631.4525007
-2555768.90899496 4295631.4525007
-2552769.12545721 4295631.4525007
-2549769.34191946 4295631.4525007
-2546769.5583817 4295631.4525007
-2543769.77484395 4295631.4525007
-2540769.9913062 4295631.4525007
-2537770.20776844 4295631.4525007
-2534770.42423069 4295631.4525007
-2090802.46064319 4295631.4525007
-2087802.67710544 4295631.4525007
-2084802.89356769 4295631.4525007
-2081803.11002993 4295631.4525007
-2684759.60111836 4298631.23603845
-2681759.81758061 4298631.23603845
-2678760.03404285 4298631.23603845
-2675760.2505051 4298631.23603845
-2672760.46696735 4298631.23603845
-2669760.68342959 4298631.23603845
-2666760.89989184 4298631.23603845
-2663761.11635409 4298631.23603845
-2660761.33281633 4298631.23603845
-2657761.54927858 4298631.23603845
-2654761.76574082 4298631.23603845
-2651761.98220307 4298631.23603845
-2648762.19866532 4298631.23603845
-2645762.41512757 4298631.23603845
-2642762.63158981 4298631.23603845
-2639762.84805206 4298631.23603845
-2636763.0645143 4298631.23603845
-2633763.28097655 4298631.23603845
-2630763.4974388 4298631.23603845
-2627763.71390104 4298631.23603845
-2624763.93036329 4298631.23603845
-2621764.14682554 4298631.23603845
-2618764.36328778 4298631.23603845
-2615764.57975003 4298631.23603845
-2612764.79621228 4298631.23603845
-2609765.01267452 4298631.23603845
-2606765.22913677 4298631.23603845
-2603765.44559902 4298631.23603845
-2600765.66206126 4298631.23603845
-2597765.87852351 4298631.23603845
-2594766.09498576 4298631.23603845
-2591766.311448 4298631.23603845
-2588766.52791025 4298631.23603845
-2585766.7443725 4298631.23603845
-2582766.96083474 4298631.23603845
-2579767.17729699 4298631.23603845
-2576767.39375924 4298631.23603845
-2573767.61022148 4298631.23603845
-2570767.82668373 4298631.23603845
-2567768.04314598 4298631.23603845
-2564768.25960822 4298631.23603845
-2561768.47607047 4298631.23603845
-2558768.69253272 4298631.23603845
-2555768.90899496 4298631.23603845
-2552769.12545721 4298631.23603845
-2549769.34191946 4298631.23603845
-2546769.5583817 4298631.23603845
-2543769.77484395 4298631.23603845
-2540769.9913062 4298631.23603845
-2537770.20776844 4298631.23603845
-2534770.42423069 4298631.23603845
-2531770.64069294 4298631.23603845
-2528770.85715518 4298631.23603845
-2525771.07361743 4298631.23603845
-2522771.29007968 4298631.23603845
-2090802.46064319 4298631.23603845
-2087802.67710544 4298631.23603845
-2084802.89356769 4298631.23603845
-2687759.38465611 4301631.0195762
-2684759.60111836 4301631.0195762
-2681759.81758061 4301631.0195762
-2678760.03404285 4301631.0195762
-2675760.2505051 4301631.0195762
-2672760.46696735 4301631.0195762
-2669760.68342959 4301631.0195762
-2666760.89989184 4301631.0195762
-2663761.11635409 4301631.0195762
-2660761.33281633 4301631.0195762
-2657761.54927858 4301631.0195762
-2654761.76574082 4301631.0195762
-2651761.98220307 4301631.0195762
-2648762.19866532 4301631.0195762
-2645762.41512757 4301631.0195762
-2642762.63158981 4301631.0195762
-2639762.84805206 4301631.0195762
-2636763.0645143 4301631.0195762
-2633763.28097655 4301631.0195762
-2630763.4974388 4301631.0195762
-2627763.71390104 4301631.0195762
-2624763.93036329 4301631.0195762
-2621764.14682554 4301631.0195762
-2618764.36328778 4301631.0195762
-2615764.57975003 4301631.0195762
-2612764.79621228 4301631.0195762
-2609765.01267452 4301631.0195762
-2606765.22913677 4301631.0195762
-2603765.44559902 4301631.0195762
-2600765.66206126 4301631.0195762
-2597765.87852351 4301631.0195762
-2594766.09498576 4301631.0195762
-2591766.311448 4301631.0195762
-2588766.52791025 4301631.0195762
-2585766.7443725 4301631.0195762
-2582766.96083474 4301631.0195762
-2579767.17729699 4301631.0195762
-2576767.39375924 4301631.0195762
-2573767.61022148 4301631.0195762
-2570767.82668373 4301631.0195762
-2567768.04314598 4301631.0195762
-2564768.25960822 4301631.0195762
-2561768.47607047 4301631.0195762
-2558768.69253272 4301631.0195762
-2555768.90899496 4301631.0195762
-2552769.12545721 4301631.0195762
-2549769.34191946 4301631.0195762
-2546769.5583817 4301631.0195762
-2543769.77484395 4301631.0195762
-2540769.9913062 4301631.0195762
-2537770.20776844 4301631.0195762
-2534770.42423069 4301631.0195762
-2531770.64069294 4301631.0195762
-2528770.85715518 4301631.0195762
-2525771.07361743 4301631.0195762
-2522771.29007968 4301631.0195762
-2519771.50654192 4301631.0195762
-2516771.72300417 4301631.0195762
-2513771.93946642 4301631.0195762
-2510772.15592866 4301631.0195762
-2090802.46064319 4301631.0195762
-2087802.67710544 4301631.0195762
-2084802.89356769 4301631.0195762
-2690759.16819387 4304630.80311396
-2687759.38465611 4304630.80311396
-2684759.60111836 4304630.80311396
-2681759.81758061 4304630.80311396
-2678760.03404285 4304630.80311396
-2675760.2505051 4304630.80311396
-2672760.46696735 4304630.80311396
-2669760.68342959 4304630.80311396
-2666760.89989184 4304630.80311396
-2663761.11635409 4304630.80311396
-2660761.33281633 4304630.80311396
-2657761.54927858 4304630.80311396
-2654761.76574082 4304630.80311396
-2651761.98220307 4304630.80311396
-2648762.19866532 4304630.80311396
-2645762.41512757 4304630.80311396
-2642762.63158981 4304630.80311396
-2639762.84805206 4304630.80311396
-2636763.0645143 4304630.80311396
-2633763.28097655 4304630.80311396
-2630763.4974388 4304630.80311396
-2627763.71390104 4304630.80311396
-2597765.87852351 4304630.80311396
-2594766.09498576 4304630.80311396
-2591766.311448 4304630.80311396
-2588766.52791025 4304630.80311396
-2585766.7443725 4304630.80311396
-2582766.96083474 4304630.80311396
-2579767.17729699 4304630.80311396
-2576767.39375924 4304630.80311396
-2573767.61022148 4304630.80311396
-2570767.82668373 4304630.80311396
-2567768.04314598 4304630.80311396
-2564768.25960822 4304630.80311396
-2561768.47607047 4304630.80311396
-2558768.69253272 4304630.80311396
-2555768.90899496 4304630.80311396
-2552769.12545721 4304630.80311396
-2549769.34191946 4304630.80311396
-2546769.5583817 4304630.80311396
-2543769.77484395 4304630.80311396
-2540769.9913062 4304630.80311396
-2537770.20776844 4304630.80311396
-2534770.42423069 4304630.80311396
-2531770.64069294 4304630.80311396
-2528770.85715518 4304630.80311396
-2525771.07361743 4304630.80311396
-2522771.29007968 4304630.80311396
-2519771.50654192 4304630.80311396
-2516771.72300417 4304630.80311396
-2513771.93946642 4304630.80311396
-2510772.15592866 4304630.80311396
-2507772.37239091 4304630.80311396
-2504772.58885316 4304630.80311396
-2501772.8053154 4304630.80311396
-2498773.02177765 4304630.80311396
-2090802.46064319 4304630.80311396
-2087802.67710544 4304630.80311396
-2684759.60111836 4307630.58665171
-2681759.81758061 4307630.58665171
-2678760.03404285 4307630.58665171
-2675760.2505051 4307630.58665171
-2672760.46696735 4307630.58665171
-2669760.68342959 4307630.58665171
-2666760.89989184 4307630.58665171
-2663761.11635409 4307630.58665171
-2660761.33281633 4307630.58665171
-2657761.54927858 4307630.58665171
-2654761.76574082 4307630.58665171
-2651761.98220307 4307630.58665171
-2648762.19866532 4307630.58665171
-2573767.61022148 4307630.58665171
-2570767.82668373 4307630.58665171
-2567768.04314598 4307630.58665171
-2564768.25960822 4307630.58665171
-2561768.47607047 4307630.58665171
-2558768.69253272 4307630.58665171
-2555768.90899496 4307630.58665171
-2552769.12545721 4307630.58665171
-2549769.34191946 4307630.58665171
-2546769.5583817 4307630.58665171
-2543769.77484395 4307630.58665171
-2540769.9913062 4307630.58665171
-2537770.20776844 4307630.58665171
-2534770.42423069 4307630.58665171
-2531770.64069294 4307630.58665171
-2528770.85715518 4307630.58665171
-2525771.07361743 4307630.58665171
-2522771.29007968 4307630.58665171
-2519771.50654192 4307630.58665171
-2516771.72300417 4307630.58665171
-2513771.93946642 4307630.58665171
-2510772.15592866 4307630.58665171
-2507772.37239091 4307630.58665171
-2504772.58885316 4307630.58665171
-2501772.8053154 4307630.58665171
-2498773.02177765 4307630.58665171
-2495773.2382399 4307630.58665171
-2492773.45470214 4307630.58665171
-2489773.67116439 4307630.58665171
-2087802.67710544 4307630.58665171
-2666760.89989184 4310630.37018946
-2555768.90899496 4310630.37018946
-2552769.12545721 4310630.37018946
-2549769.34191946 4310630.37018946
-2546769.5583817 4310630.37018946
-2543769.77484395 4310630.37018946
-2540769.9913062 4310630.37018946
-2537770.20776844 4310630.37018946
-2534770.42423069 4310630.37018946
-2531770.64069294 4310630.37018946
-2528770.85715518 4310630.37018946
-2525771.07361743 4310630.37018946
-2522771.29007968 4310630.37018946
-2519771.50654192 4310630.37018946
-2516771.72300417 4310630.37018946
-2513771.93946642 4310630.37018946
-2510772.15592866 4310630.37018946
-2507772.37239091 4310630.37018946
-2504772.58885316 4310630.37018946
-2501772.8053154 4310630.37018946
-2498773.02177765 4310630.37018946
-2495773.2382399 4310630.37018946
-2492773.45470214 4310630.37018946
-2489773.67116439 4310630.37018946
-2486773.88762664 4310630.37018946
-2483774.10408888 4310630.37018946
-2480774.32055113 4310630.37018946
-2537770.20776844 4313630.15372722
-2534770.42423069 4313630.15372722
-2531770.64069294 4313630.15372722
-2528770.85715518 4313630.15372722
-2525771.07361743 4313630.15372722
-2522771.29007968 4313630.15372722
-2519771.50654192 4313630.15372722
-2516771.72300417 4313630.15372722
-2513771.93946642 4313630.15372722
-2510772.15592866 4313630.15372722
-2507772.37239091 4313630.15372722
-2504772.58885316 4313630.15372722
-2501772.8053154 4313630.15372722
-2498773.02177765 4313630.15372722
-2495773.2382399 4313630.15372722
-2492773.45470214 4313630.15372722
-2489773.67116439 4313630.15372722
-2486773.88762664 4313630.15372722
-2483774.10408888 4313630.15372722
-2480774.32055113 4313630.15372722
-2477774.53701338 4313630.15372722
-2474774.75347562 4313630.15372722
-2525771.07361743 4316629.93726497
-2522771.29007968 4316629.93726497
-2519771.50654192 4316629.93726497
-2516771.72300417 4316629.93726497
-2513771.93946642 4316629.93726497
-2510772.15592866 4316629.93726497
-2507772.37239091 4316629.93726497
-2504772.58885316 4316629.93726497
-2501772.8053154 4316629.93726497
-2498773.02177765 4316629.93726497
-2495773.2382399 4316629.93726497
-2492773.45470214 4316629.93726497
-2489773.67116439 4316629.93726497
-2486773.88762664 4316629.93726497
-2483774.10408888 4316629.93726497
-2480774.32055113 4316629.93726497
-2477774.53701338 4316629.93726497
-2474774.75347562 4316629.93726497
-2471774.96993787 4316629.93726497
-2513771.93946642 4319629.72080272
-2510772.15592866 4319629.72080272
-2507772.37239091 4319629.72080272
-2504772.58885316 4319629.72080272
-2501772.8053154 4319629.72080272
-2498773.02177765 4319629.72080272
-2495773.2382399 4319629.72080272
-2492773.45470214 4319629.72080272
-2489773.67116439 4319629.72080272
-2486773.88762664 4319629.72080272
-2483774.10408888 4319629.72080272
-2480774.32055113 4319629.72080272
-2477774.53701338 4319629.72080272
-2474774.75347562 4319629.72080272
-2471774.96993787 4319629.72080272
-2501772.8053154 4322629.50434048
-2498773.02177765 4322629.50434048
-2495773.2382399 4322629.50434048
-2492773.45470214 4322629.50434048
-2489773.67116439 4322629.50434048
-2486773.88762664 4322629.50434048
-2483774.10408888 4322629.50434048
-2480774.32055113 4322629.50434048
-2477774.53701338 4322629.50434048
-2474774.75347562 4322629.50434048
-2471774.96993787 4322629.50434048
-2168796.83262478 4322629.50434048
-2165797.04908703 4322629.50434048
-2162797.26554927 4322629.50434048
-2159797.48201152 4322629.50434048
-2492773.45470214 4325629.28787823
-2489773.67116439 4325629.28787823
-2486773.88762664 4325629.28787823
-2483774.10408888 4325629.28787823
-2480774.32055113 4325629.28787823
-2477774.53701338 4325629.28787823
-2474774.75347562 4325629.28787823
-2471774.96993787 4325629.28787823
-2417778.86625831 4325629.28787823
-2414779.08272056 4325629.28787823
-2411779.2991828 4325629.28787823
-2171796.61616253 4325629.28787823
-2168796.83262478 4325629.28787823
-2165797.04908703 4325629.28787823
-2162797.26554927 4325629.28787823
-2159797.48201152 4325629.28787823
-2156797.69847377 4325629.28787823
-2483774.10408888 4328629.07141598
-2480774.32055113 4328629.07141598
-2477774.53701338 4328629.07141598
-2474774.75347562 4328629.07141598
-2423778.43333382 4328629.07141598
-2420778.64979606 4328629.07141598
-2417778.86625831 4328629.07141598
-2414779.08272056 4328629.07141598
-2411779.2991828 4328629.07141598
-2408779.51564505 4328629.07141598
-2405779.7321073 4328629.07141598
-2171796.61616253 4328629.07141598
-2168796.83262478 4328629.07141598
-2165797.04908703 4328629.07141598
-2162797.26554927 4328629.07141598
-2159797.48201152 4328629.07141598
-2156797.69847377 4328629.07141598
-2153797.91493601 4328629.07141598
-2423778.43333382 4331628.85495374
-2420778.64979606 4331628.85495374
-2417778.86625831 4331628.85495374
-2414779.08272056 4331628.85495374
-2411779.2991828 4331628.85495374
-2408779.51564505 4331628.85495374
-2405779.7321073 4331628.85495374
-2402779.94856954 4331628.85495374
-2171796.61616253 4331628.85495374
-2168796.83262478 4331628.85495374
-2165797.04908703 4331628.85495374
-2162797.26554927 4331628.85495374
-2159797.48201152 4331628.85495374
-2156797.69847377 4331628.85495374
-2153797.91493601 4331628.85495374
-2426778.21687157 4334628.63849149
-2423778.43333382 4334628.63849149
-2420778.64979606 4334628.63849149
-2417778.86625831 4334628.63849149
-2414779.08272056 4334628.63849149
-2411779.2991828 4334628.63849149
-2408779.51564505 4334628.63849149
-2405779.7321073 4334628.63849149
-2402779.94856954 4334628.63849149
-2171796.61616253 4334628.63849149
-2168796.83262478 4334628.63849149
-2165797.04908703 4334628.63849149
-2162797.26554927 4334628.63849149
-2159797.48201152 4334628.63849149
-2156797.69847377 4334628.63849149
-2426778.21687157 4337628.42202924
-2423778.43333382 4337628.42202924
-2420778.64979606 4337628.42202924
-2417778.86625831 4337628.42202924
-2414779.08272056 4337628.42202924
-2411779.2991828 4337628.42202924
-2408779.51564505 4337628.42202924
-2405779.7321073 4337628.42202924
-2402779.94856954 4337628.42202924
-2168796.83262478 4337628.42202924
-2165797.04908703 4337628.42202924
-2162797.26554927 4337628.42202924
-2159797.48201152 4337628.42202924
-2426778.21687157 4340628.205567
-2423778.43333382 4340628.205567
-2420778.64979606 4340628.205567
-2417778.86625831 4340628.205567
-2414779.08272056 4340628.205567
-2411779.2991828 4340628.205567
-2408779.51564505 4340628.205567
-2405779.7321073 4340628.205567
-2402779.94856954 4340628.205567
-2423778.43333382 4343627.98910475
-2420778.64979606 4343627.98910475
-2417778.86625831 4343627.98910475
-2414779.08272056 4343627.98910475
-2411779.2991828 4343627.98910475
-2408779.51564505 4343627.98910475
-2405779.7321073 4343627.98910475
-2402779.94856954 4343627.98910475
-2420778.64979606 4346627.7726425
-2417778.86625831 4346627.7726425
-2414779.08272056 4346627.7726425
-2411779.2991828 4346627.7726425
-2408779.51564505 4346627.7726425
-2405779.7321073 4346627.7726425
-2417778.86625831 4349627.55618026
-2414779.08272056 4349627.55618026
-2411779.2991828 4349627.55618026
-2408779.51564505 4349627.55618026
-2381781.46380527 4376625.60802004
-2378781.68026752 4376625.60802004
-2384781.24734302 4379625.39155779
-2381781.46380527 4379625.39155779
-2378781.68026752 4379625.39155779
-2375781.89672976 4379625.39155779
-2387781.03088078 4382625.17509554
-2384781.24734302 4382625.17509554
-2381781.46380527 4382625.17509554
-2378781.68026752 4382625.17509554
-2375781.89672976 4382625.17509554
-2384781.24734302 4385624.9586333
-2381781.46380527 4385624.9586333
-2378781.68026752 4385624.9586333
-2375781.89672976 4385624.9586333
-2384781.24734302 4388624.74217105
-2381781.46380527 4388624.74217105
-2378781.68026752 4388624.74217105
-2360782.979041 4391624.5257088
-2357783.19550324 4391624.5257088
-2354783.41196549 4391624.5257088
-2363782.76257875 4394624.30924656
-2360782.979041 4394624.30924656
-2357783.19550324 4394624.30924656
-2354783.41196549 4394624.30924656
-2351783.62842774 4394624.30924656
-2363782.76257875 4397624.09278431
-2360782.979041 4397624.09278431
-2357783.19550324 4397624.09278431
-2354783.41196549 4397624.09278431
-2351783.62842774 4397624.09278431
-2348783.84488998 4397624.09278431
-2921742.50060087 4400623.87632206
-2360782.979041 4400623.87632206
-2357783.19550324 4400623.87632206
-2354783.41196549 4400623.87632206
-2351783.62842774 4400623.87632206
-2348783.84488998 4400623.87632206
-2345784.06135223 4400623.87632206
-2930741.85121413 4403623.65985982
-2927742.06767638 4403623.65985982
-2924742.28413863 4403623.65985982
-2921742.50060087 4403623.65985982
-2360782.979041 4403623.65985982
-2357783.19550324 4403623.65985982
-2354783.41196549 4403623.65985982
-2351783.62842774 4403623.65985982
-2348783.84488998 4403623.65985982
-2345784.06135223 4403623.65985982
-2342784.27781447 4403623.65985982
-2936741.41828964 4406623.44339757
-2933741.63475189 4406623.44339757
-2930741.85121413 4406623.44339757
-2927742.06767638 4406623.44339757
-2924742.28413863 4406623.44339757
-2357783.19550324 4406623.44339757
-2354783.41196549 4406623.44339757
-2351783.62842774 4406623.44339757
-2348783.84488998 4406623.44339757
-2345784.06135223 4406623.44339757
-2342784.27781447 4406623.44339757
-2339784.49427672 4406623.44339757
-2939741.20182739 4409623.22693532
-2936741.41828964 4409623.22693532
-2933741.63475189 4409623.22693532
-2930741.85121413 4409623.22693532
-2354783.41196549 4409623.22693532
-2351783.62842774 4409623.22693532
-2348783.84488998 4409623.22693532
-2345784.06135223 4409623.22693532
-2342784.27781447 4409623.22693532
-2339784.49427672 4409623.22693532
-2336784.71073897 4409623.22693532
-2942740.98536515 4412623.01047308
-2939741.20182739 4412623.01047308
-2354783.41196549 4412623.01047308
-2351783.62842774 4412623.01047308
-2348783.84488998 4412623.01047308
-2345784.06135223 4412623.01047308
-2342784.27781447 4412623.01047308
-2339784.49427672 4412623.01047308
-2336784.71073897 4412623.01047308
-2921742.50060087 4415622.79401083
-2918742.71706312 4415622.79401083
-2915742.93352537 4415622.79401083
-2351783.62842774 4415622.79401083
-2348783.84488998 4415622.79401083
-2345784.06135223 4415622.79401083
-2342784.27781447 4415622.79401083
-2339784.49427672 4415622.79401083
-2336784.71073897 4415622.79401083
-2333784.92720121 4415622.79401083
-2924742.28413863 4418622.57754858
-2921742.50060087 4418622.57754858
-2918742.71706312 4418622.57754858
-2915742.93352537 4418622.57754858
-2912743.14998761 4418622.57754858
-2909743.36644986 4418622.57754858
-2348783.84488998 4418622.57754858
-2345784.06135223 4418622.57754858
-2342784.27781447 4418622.57754858
-2339784.49427672 4418622.57754858
-2336784.71073897 4418622.57754858
-2333784.92720121 4418622.57754858
-2330785.14366346 4418622.57754858
-2924742.28413863 4421622.36108634
-2921742.50060087 4421622.36108634
-2918742.71706312 4421622.36108634
-2915742.93352537 4421622.36108634
-2912743.14998761 4421622.36108634
-2348783.84488998 4421622.36108634
-2345784.06135223 4421622.36108634
-2342784.27781447 4421622.36108634
-2339784.49427672 4421622.36108634
-2336784.71073897 4421622.36108634
-2333784.92720121 4421622.36108634
-2330785.14366346 4421622.36108634
-2924742.28413863 4424622.14462409
-2921742.50060087 4424622.14462409
-2918742.71706312 4424622.14462409
-2915742.93352537 4424622.14462409
-2345784.06135223 4424622.14462409
-2342784.27781447 4424622.14462409
-2339784.49427672 4424622.14462409
-2336784.71073897 4424622.14462409
-2333784.92720121 4424622.14462409
-2330785.14366346 4424622.14462409
-2927742.06767638 4427621.92816184
-2924742.28413863 4427621.92816184
-2921742.50060087 4427621.92816184
-2918742.71706312 4427621.92816184
-2342784.27781447 4427621.92816184
-2339784.49427672 4427621.92816184
-2336784.71073897 4427621.92816184
-2333784.92720121 4427621.92816184
-2330785.14366346 4427621.92816184
-2927742.06767638 4430621.7116996
-2924742.28413863 4430621.7116996
-1943607.49323376 3846351.63859382
-1940702.95705241 3846351.63859382
-1946512.0294151 3849256.17477517
-1943607.49323376 3849256.17477517
-1940702.95705241 3849256.17477517
-1937798.42087106 3849256.17477517
-1946512.0294151 3852160.71095651
-1943607.49323376 3852160.71095651
-1940702.95705241 3852160.71095651
-1937798.42087106 3852160.71095651
-1946512.0294151 3855065.24713786
-1943607.49323376 3855065.24713786
-1940702.95705241 3855065.24713786
-1943607.49323376 3857969.78331921
-1940702.95705241 3857969.78331921
