-1978745.67793227 3721246.07546658
-1976862.77407089 3723128.97932796
-1968519.50068275 3693269.39374917
-1968519.50068275 3696201.39107303
-1965587.50335889 3696201.39107303
-1965587.50335889 3699133.38839689
-1965587.50335889 3702065.38572075
-1962655.50603503 3702065.38572075
-1965587.50335889 3704997.38304461
-1962655.50603503 3704997.38304461
-1962655.50603503 3707929.38036847
-1962655.50603503 3710861.37769233
-1959723.50871117 3710861.37769233
-1962655.50603503 3713793.37501619
-1959723.50871117 3713793.37501619
-1959723.50871117 3716725.37234005
-1959723.50871117 3719657.36966391
-1956791.51138731 3719657.36966391
-1959723.50871117 3722589.36698777
-1956791.51138731 3722589.36698777
-1956791.51138731 3725521.36431163
-1953859.51406345 3725521.36431163
-1953859.51406345 3728453.36163549
-1974940.09746335 4197463.64645432
-1989927.60141376 4200461.1472444
-1986930.10062368 4200461.1472444
-1983932.5998336 4200461.1472444
-1980935.09904351 4200461.1472444
-1977937.59825343 4200461.1472444
-1974940.09746335 4200461.1472444
-1971942.59667327 4200461.1472444
-1968945.09588319 4200461.1472444
-1965947.5950931 4200461.1472444
-1992925.10220384 4203458.64803448
-1989927.60141376 4203458.64803448
-1986930.10062368 4203458.64803448
-1983932.5998336 4203458.64803448
-1980935.09904351 4203458.64803448
-1977937.59825343 4203458.64803448
-1974940.09746335 4203458.64803448
-1971942.59667327 4203458.64803448
-1968945.09588319 4203458.64803448
-1965947.5950931 4203458.64803448
-1995922.60299392 4206456.14882456
-1992925.10220384 4206456.14882456
-1989927.60141376 4206456.14882456
-1986930.10062368 4206456.14882456
-1983932.5998336 4206456.14882456
-1980935.09904351 4206456.14882456
-1977937.59825343 4206456.14882456
-1974940.09746335 4206456.14882456
-1971942.59667327 4206456.14882456
-1968945.09588319 4206456.14882456
-1965947.5950931 4206456.14882456
-1995922.60299392 4209453.64961464
-1992925.10220384 4209453.64961464
-1989927.60141376 4209453.64961464
-1986930.10062368 4209453.64961464
-1983932.5998336 4209453.64961464
-1980935.09904351 4209453.64961464
-1977937.59825343 4209453.64961464
-1974940.09746335 4209453.64961464
-1971942.59667327 4209453.64961464
-1968945.09588319 4209453.64961464
-1965947.5950931 4209453.64961464
-1995922.60299392 4212451.15040473
-1992925.10220384 4212451.15040473
-1989927.60141376 4212451.15040473
-1986930.10062368 4212451.15040473
-1983932.5998336 4212451.15040473
-1980935.09904351 4212451.15040473
-1977937.59825343 4212451.15040473
-1974940.09746335 4212451.15040473
-1971942.59667327 4212451.15040473
-1968945.09588319 4212451.15040473
-1965947.5950931 4212451.15040473
-1992925.10220384 4215448.65119481
-1989927.60141376 4215448.65119481
-1986930.10062368 4215448.65119481
-1983932.5998336 4215448.65119481
-1980935.09904351 4215448.65119481
-1977937.59825343 4215448.65119481
-1974940.09746335 4215448.65119481
-1971942.59667327 4215448.65119481
-1968945.09588319 4215448.65119481
-1965947.5950931 4215448.65119481
-1992925.10220384 4218446.15198489
-1989927.60141376 4218446.15198489
-1986930.10062368 4218446.15198489
-1983932.5998336 4218446.15198489
-1980935.09904351 4218446.15198489
-1977937.59825343 4218446.15198489
-1974940.09746335 4218446.15198489
-1971942.59667327 4218446.15198489
-1968945.09588319 4218446.15198489
-1965947.5950931 4218446.15198489
-1983932.5998336 4221443.65277497
-1980935.09904351 4221443.65277497
-1977937.59825343 4221443.65277497
-1974940.09746335 4221443.65277497
-1971942.59667327 4221443.65277497
-1968945.09588319 4221443.65277497
-1965947.5950931 4221443.65277497
-1762117.54136753 4221443.65277497
-1986930.10062368 4224441.15356505
-1983932.5998336 4224441.15356505
-1980935.09904351 4224441.15356505
-1977937.59825343 4224441.15356505
-1974940.09746335 4224441.15356505
-1971942.59667327 4224441.15356505
-1968945.09588319 4224441.15356505
-1762117.54136753 4224441.15356505
-1989927.60141376 4227438.65435514
-1986930.10062368 4227438.65435514
-1983932.5998336 4227438.65435514
-1980935.09904351 4227438.65435514
-1977937.59825343 4227438.65435514
-1974940.09746335 4227438.65435514
-1971942.59667327 4227438.65435514
-1968945.09588319 4227438.65435514
-1986930.10062368 4230436.15514522
-1983932.5998336 4230436.15514522
-1980935.09904351 4230436.15514522
-1977937.59825343 4230436.15514522
-1974940.09746335 4230436.15514522
-1971942.59667327 4230436.15514522
-1986930.10062368 4233433.6559353
-1983932.5998336 4233433.6559353
-1980935.09904351 4233433.6559353
-1977937.59825343 4233433.6559353
-1974940.09746335 4233433.6559353
-1986930.10062368 4236431.15672538
-1983932.5998336 4236431.15672538
-1980935.09904351 4236431.15672538
-1977937.59825343 4236431.15672538
-1974940.09746335 4236431.15672538
-1995922.60299392 4239428.65751546
-1992925.10220384 4239428.65751546
-1989927.60141376 4239428.65751546
-1986930.10062368 4239428.65751546
-1983932.5998336 4239428.65751546
-1980935.09904351 4239428.65751546
-1977937.59825343 4239428.65751546
-1995922.60299392 4242426.15830555
-1992925.10220384 4242426.15830555
-1989927.60141376 4242426.15830555
-1986930.10062368 4242426.15830555
-1983932.5998336 4242426.15830555
-1980935.09904351 4242426.15830555
-1977937.59825343 4242426.15830555
-1998920.10378401 4245423.65909563
-1995922.60299392 4245423.65909563
-1992925.10220384 4245423.65909563
-1989927.60141376 4245423.65909563
-1986930.10062368 4245423.65909563
-1983932.5998336 4245423.65909563
-1980935.09904351 4245423.65909563
-2001917.60457409 4248421.15988571
-1998920.10378401 4248421.15988571
-1995922.60299392 4248421.15988571
-1992925.10220384 4248421.15988571
-1989927.60141376 4248421.15988571
-1986930.10062368 4248421.15988571
-1983932.5998336 4248421.15988571
-1980935.09904351 4248421.15988571
-2004915.10536417 4251418.66067579
-2001917.60457409 4251418.66067579
-1998920.10378401 4251418.66067579
-1995922.60299392 4251418.66067579
-1992925.10220384 4251418.66067579
-1989927.60141376 4251418.66067579
-1986930.10062368 4251418.66067579
-1983932.5998336 4251418.66067579
-2004915.10536417 4254416.16146587
-2001917.60457409 4254416.16146587
-1998920.10378401 4254416.16146587
-1995922.60299392 4254416.16146587
-1992925.10220384 4254416.16146587
-1989927.60141376 4254416.16146587
-1986930.10062368 4254416.16146587
-1983932.5998336 4254416.16146587
-1953957.59193278 4254416.16146587
-1950960.09114269 4254416.16146587
-1947962.59035261 4254416.16146587
-1944965.08956253 4254416.16146587
-1941967.58877245 4254416.16146587
-1938970.08798237 4254416.16146587
-1935972.58719228 4254416.16146587
-1932975.0864022 4254416.16146587
-1929977.58561212 4254416.16146587
-1843050.06269974 4254416.16146587
-1840052.56190966 4254416.16146587
-1837055.06111958 4254416.16146587
-1834057.5603295 4254416.16146587
-1831060.05953941 4254416.16146587
-1828062.55874933 4254416.16146587
-2001917.60457409 4257413.66225596
-1998920.10378401 4257413.66225596
-1995922.60299392 4257413.66225596
-1992925.10220384 4257413.66225596
-1989927.60141376 4257413.66225596
-1986930.10062368 4257413.66225596
-1983932.5998336 4257413.66225596
-1977937.59825343 4257413.66225596
-1974940.09746335 4257413.66225596
-1971942.59667327 4257413.66225596
-1968945.09588319 4257413.66225596
-1965947.5950931 4257413.66225596
-1962950.09430302 4257413.66225596
-1959952.59351294 4257413.66225596
-1956955.09272286 4257413.66225596
-1953957.59193278 4257413.66225596
-1950960.09114269 4257413.66225596
-1947962.59035261 4257413.66225596
-1944965.08956253 4257413.66225596
-1941967.58877245 4257413.66225596
-1938970.08798237 4257413.66225596
-1935972.58719228 4257413.66225596
-1932975.0864022 4257413.66225596
-1929977.58561212 4257413.66225596
-1926980.08482204 4257413.66225596
-1849045.06427991 4257413.66225596
-1840052.56190966 4257413.66225596
-1837055.06111958 4257413.66225596
-1834057.5603295 4257413.66225596
-1831060.05953941 4257413.66225596
-1828062.55874933 4257413.66225596
-1825065.05795925 4257413.66225596
-1822067.55716917 4257413.66225596
-1819070.05637909 4257413.66225596
-1816072.555589 4257413.66225596
-1813075.05479892 4257413.66225596
-1810077.55400884 4257413.66225596
-1807080.05321876 4257413.66225596
-1804082.55242868 4257413.66225596
-1801085.05163859 4257413.66225596
-1798087.55084851 4257413.66225596
-1998920.10378401 4260411.16304604
-1995922.60299392 4260411.16304604
-1992925.10220384 4260411.16304604
-1989927.60141376 4260411.16304604
-1986930.10062368 4260411.16304604
-1983932.5998336 4260411.16304604
-1980935.09904351 4260411.16304604
-1977937.59825343 4260411.16304604
-1974940.09746335 4260411.16304604
-1971942.59667327 4260411.16304604
-1968945.09588319 4260411.16304604
-1965947.5950931 4260411.16304604
-1962950.09430302 4260411.16304604
-1959952.59351294 4260411.16304604
-1956955.09272286 4260411.16304604
-1953957.59193278 4260411.16304604
-1950960.09114269 4260411.16304604
-1947962.59035261 4260411.16304604
-1944965.08956253 4260411.16304604
-1941967.58877245 4260411.16304604
-1938970.08798237 4260411.16304604
-1935972.58719228 4260411.16304604
-1932975.0864022 4260411.16304604
-1929977.58561212 4260411.16304604
-1926980.08482204 4260411.16304604
-1923982.58403196 4260411.16304604
-1852042.56506999 4260411.16304604
-1849045.06427991 4260411.16304604
-1846047.56348982 4260411.16304604
-1837055.06111958 4260411.16304604
-1834057.5603295 4260411.16304604
-1831060.05953941 4260411.16304604
-1828062.55874933 4260411.16304604
-1825065.05795925 4260411.16304604
-1822067.55716917 4260411.16304604
-1819070.05637909 4260411.16304604
-1816072.555589 4260411.16304604
-1813075.05479892 4260411.16304604
-1810077.55400884 4260411.16304604
-1807080.05321876 4260411.16304604
-1804082.55242868 4260411.16304604
-1801085.05163859 4260411.16304604
-1995922.60299392 4263408.66383612
-1992925.10220384 4263408.66383612
-1989927.60141376 4263408.66383612
-1986930.10062368 4263408.66383612
-1983932.5998336 4263408.66383612
-1980935.09904351 4263408.66383612
-1977937.59825343 4263408.66383612
-1974940.09746335 4263408.66383612
-1971942.59667327 4263408.66383612
-1968945.09588319 4263408.66383612
-1965947.5950931 4263408.66383612
-1962950.09430302 4263408.66383612
-1959952.59351294 4263408.66383612
-1953957.59193278 4263408.66383612
-1950960.09114269 4263408.66383612
-1947962.59035261 4263408.66383612
-1944965.08956253 4263408.66383612
-1941967.58877245 4263408.66383612
-1938970.08798237 4263408.66383612
-1935972.58719228 4263408.66383612
-1932975.0864022 4263408.66383612
-1929977.58561212 4263408.66383612
-1926980.08482204 4263408.66383612
-1923982.58403196 4263408.66383612
-1920985.08324187 4263408.66383612
-1855040.06586007 4263408.66383612
-1852042.56506999 4263408.66383612
-1849045.06427991 4263408.66383612
-1846047.56348982 4263408.66383612
-1837055.06111958 4263408.66383612
-1834057.5603295 4263408.66383612
-1831060.05953941 4263408.66383612
-1828062.55874933 4263408.66383612
-1825065.05795925 4263408.66383612
-1822067.55716917 4263408.66383612
-1819070.05637909 4263408.66383612
-1816072.555589 4263408.66383612
-1813075.05479892 4263408.66383612
-1810077.55400884 4263408.66383612
-1807080.05321876 4263408.66383612
-1995922.60299392 4266406.1646262
-1992925.10220384 4266406.1646262
-1989927.60141376 4266406.1646262
-1986930.10062368 4266406.1646262
-1983932.5998336 4266406.1646262
-1980935.09904351 4266406.1646262
-1977937.59825343 4266406.1646262
-1974940.09746335 4266406.1646262
-1971942.59667327 4266406.1646262
-1968945.09588319 4266406.1646262
-1965947.5950931 4266406.1646262
-1938970.08798237 4266406.1646262
-1935972.58719228 4266406.1646262
-1932975.0864022 4266406.1646262
-1929977.58561212 4266406.1646262
-1926980.08482204 4266406.1646262
-1923982.58403196 4266406.1646262
-1920985.08324187 4266406.1646262
-1858037.56665015 4266406.1646262
-1855040.06586007 4266406.1646262
-1852042.56506999 4266406.1646262
-1849045.06427991 4266406.1646262
-1846047.56348982 4266406.1646262
-1834057.5603295 4266406.1646262
-1831060.05953941 4266406.1646262
-1828062.55874933 4266406.1646262
-1825065.05795925 4266406.1646262
-1822067.55716917 4266406.1646262
-1819070.05637909 4266406.1646262
-1816072.555589 4266406.1646262
-1813075.05479892 4266406.1646262
-1810077.55400884 4266406.1646262
-1998920.10378401 4269403.66541628
-1995922.60299392 4269403.66541628
-1992925.10220384 4269403.66541628
-1989927.60141376 4269403.66541628
-1986930.10062368 4269403.66541628
-1983932.5998336 4269403.66541628
-1980935.09904351 4269403.66541628
-1977937.59825343 4269403.66541628
-1974940.09746335 4269403.66541628
-1971942.59667327 4269403.66541628
-1968945.09588319 4269403.66541628
-1935972.58719228 4269403.66541628
-1932975.0864022 4269403.66541628
-1929977.58561212 4269403.66541628
-1926980.08482204 4269403.66541628
-1923982.58403196 4269403.66541628
-1920985.08324187 4269403.66541628
-1900002.5777113 4269403.66541628
-1897005.07692122 4269403.66541628
-1894007.57613114 4269403.66541628
-1891010.07534105 4269403.66541628
-1888012.57455097 4269403.66541628
-1885015.07376089 4269403.66541628
-1870027.56981048 4269403.66541628
-1867030.0690204 4269403.66541628
-1864032.56823032 4269403.66541628
-1861035.06744023 4269403.66541628
-1858037.56665015 4269403.66541628
-1855040.06586007 4269403.66541628
-1852042.56506999 4269403.66541628
-1849045.06427991 4269403.66541628
-1998920.10378401 4272401.16620637
-1995922.60299392 4272401.16620637
-1992925.10220384 4272401.16620637
-1989927.60141376 4272401.16620637
-1986930.10062368 4272401.16620637
-1983932.5998336 4272401.16620637
-1980935.09904351 4272401.16620637
-1977937.59825343 4272401.16620637
-1974940.09746335 4272401.16620637
-1971942.59667327 4272401.16620637
-1932975.0864022 4272401.16620637
-1929977.58561212 4272401.16620637
-1926980.08482204 4272401.16620637
-1923982.58403196 4272401.16620637
-1920985.08324187 4272401.16620637
-1917987.58245179 4272401.16620637
-1908995.08008155 4272401.16620637
-1905997.57929146 4272401.16620637
-1903000.07850138 4272401.16620637
-1900002.5777113 4272401.16620637
-1897005.07692122 4272401.16620637
-1894007.57613114 4272401.16620637
-1891010.07534105 4272401.16620637
-1888012.57455097 4272401.16620637
-1885015.07376089 4272401.16620637
-1882017.57297081 4272401.16620637
-1879020.07218073 4272401.16620637
-1876022.57139064 4272401.16620637
-1873025.07060056 4272401.16620637
-1870027.56981048 4272401.16620637
-1867030.0690204 4272401.16620637
-1864032.56823032 4272401.16620637
-1861035.06744023 4272401.16620637
-1858037.56665015 4272401.16620637
-1855040.06586007 4272401.16620637
-1852042.56506999 4272401.16620637
-1849045.06427991 4272401.16620637
-1998920.10378401 4275398.66699645
-1995922.60299392 4275398.66699645
-1992925.10220384 4275398.66699645
-1989927.60141376 4275398.66699645
-1986930.10062368 4275398.66699645
-1983932.5998336 4275398.66699645
-1980935.09904351 4275398.66699645
-1977937.59825343 4275398.66699645
-1974940.09746335 4275398.66699645
-1920985.08324187 4275398.66699645
-1917987.58245179 4275398.66699645
-1914990.08166171 4275398.66699645
-1911992.58087163 4275398.66699645
-1908995.08008155 4275398.66699645
-1905997.57929146 4275398.66699645
-1903000.07850138 4275398.66699645
-1900002.5777113 4275398.66699645
-1897005.07692122 4275398.66699645
-1894007.57613114 4275398.66699645
-1891010.07534105 4275398.66699645
-1888012.57455097 4275398.66699645
-1885015.07376089 4275398.66699645
-1882017.57297081 4275398.66699645
-1879020.07218073 4275398.66699645
-1876022.57139064 4275398.66699645
-1873025.07060056 4275398.66699645
-1870027.56981048 4275398.66699645
-1864032.56823032 4275398.66699645
-1861035.06744023 4275398.66699645
-1858037.56665015 4275398.66699645
-1855040.06586007 4275398.66699645
-1852042.56506999 4275398.66699645
-1995922.60299392 4278396.16778653
-1992925.10220384 4278396.16778653
-1989927.60141376 4278396.16778653
-1986930.10062368 4278396.16778653
-1983932.5998336 4278396.16778653
-1980935.09904351 4278396.16778653
-1977937.59825343 4278396.16778653
-1920985.08324187 4278396.16778653
-1917987.58245179 4278396.16778653
-1914990.08166171 4278396.16778653
-1911992.58087163 4278396.16778653
-1908995.08008155 4278396.16778653
-1905997.57929146 4278396.16778653
-1903000.07850138 4278396.16778653
-1900002.5777113 4278396.16778653
-1897005.07692122 4278396.16778653
-1894007.57613114 4278396.16778653
-1891010.07534105 4278396.16778653
-1888012.57455097 4278396.16778653
-1885015.07376089 4278396.16778653
-1882017.57297081 4278396.16778653
-1879020.07218073 4278396.16778653
-1992925.10220384 4281393.66857661
-1989927.60141376 4281393.66857661
-1986930.10062368 4281393.66857661
-1983932.5998336 4281393.66857661
-1980935.09904351 4281393.66857661
-1920985.08324187 4281393.66857661
-1917987.58245179 4281393.66857661
-1914990.08166171 4281393.66857661
-1911992.58087163 4281393.66857661
-1908995.08008155 4281393.66857661
-1905997.57929146 4281393.66857661
-1903000.07850138 4281393.66857661
-1900002.5777113 4281393.66857661
-1897005.07692122 4281393.66857661
-1894007.57613114 4281393.66857661
-1891010.07534105 4281393.66857661
-1888012.57455097 4281393.66857661
-1885015.07376089 4281393.66857661
-1882017.57297081 4281393.66857661
-1992925.10220384 4284391.16936669
-1989927.60141376 4284391.16936669
-1986930.10062368 4284391.16936669
-1983932.5998336 4284391.16936669
-1980935.09904351 4284391.16936669
-1908995.08008155 4284391.16936669
-1905997.57929146 4284391.16936669
-1903000.07850138 4284391.16936669
-1900002.5777113 4284391.16936669
-1897005.07692122 4284391.16936669
-1894007.57613114 4284391.16936669
-1891010.07534105 4284391.16936669
-1986930.10062368 4287388.67015678
-1983932.5998336 4287388.67015678
-1980935.09904351 4287388.67015678
-1894007.57613114 4287388.67015678
-1807987.44294876 4234382.96686516
-1828862.78658565 4237365.15881328
-1825880.59463752 4237365.15881328
-1822898.40268939 4237365.15881328
-1819916.21074127 4237365.15881328
-1813951.82684502 4237365.15881328
-1810969.63489689 4237365.15881328
-1807987.44294876 4237365.15881328
-1837809.36243002 4240347.35076141
-1834827.1704819 4240347.35076141
-1831844.97853377 4240347.35076141
-1828862.78658565 4240347.35076141
-1825880.59463752 4240347.35076141
-1822898.40268939 4240347.35076141
-1819916.21074127 4240347.35076141
-1816934.01879314 4240347.35076141
-1813951.82684502 4240347.35076141
-1810969.63489689 4240347.35076141
-1840791.55437815 4243329.54270954
-1837809.36243002 4243329.54270954
-1834827.1704819 4243329.54270954
-1831844.97853377 4243329.54270954
-1828862.78658565 4243329.54270954
-1825880.59463752 4243329.54270954
-1822898.40268939 4243329.54270954
-1819916.21074127 4243329.54270954
-1816934.01879314 4243329.54270954
-1813951.82684502 4243329.54270954
-1843773.74632628 4246311.73465766
-1834827.1704819 4246311.73465766
-1831844.97853377 4246311.73465766
-1828862.78658565 4246311.73465766
-1825880.59463752 4246311.73465766
-1822898.40268939 4246311.73465766
-1819916.21074127 4246311.73465766
-1822898.40268939 4249293.92660579
