-2145134.8221297 4208851.96000689
-2142135.32842625 4208851.96000689
-2151133.8095366 4211851.45371034
-2148134.31583315 4211851.45371034
-2145134.8221297 4211851.45371034
-2142135.32842625 4211851.45371034
-2157132.7969435 4214850.94741379
-2154133.30324005 4214850.94741379
-2151133.8095366 4214850.94741379
-2148134.31583315 4214850.94741379
-2145134.8221297 4214850.94741379
-2142135.32842625 4214850.94741379
-2160132.29064695 4217850.44111724
-2157132.7969435 4217850.44111724
-2154133.30324005 4217850.44111724
-2151133.8095366 4217850.44111724
-2148134.31583315 4217850.44111724
-2145134.8221297 4217850.44111724
-2142135.32842625 4217850.44111724
-2163131.78435039 4220849.93482069
-2160132.29064695 4220849.93482069
-2157132.7969435 4220849.93482069
-2154133.30324005 4220849.93482069
-2151133.8095366 4220849.93482069
-2148134.31583315 4220849.93482069
-2145134.8221297 4220849.93482069
-2142135.32842625 4220849.93482069
-2139135.8347228 4220849.93482069
-2163131.78435039 4223849.42852413
-2160132.29064695 4223849.42852413
-2157132.7969435 4223849.42852413
-2154133.30324005 4223849.42852413
-2151133.8095366 4223849.42852413
-2148134.31583315 4223849.42852413
-2145134.8221297 4223849.42852413
-2142135.32842625 4223849.42852413
-2139135.8347228 4223849.42852413
-2169130.77175729 4226848.92222758
-2166131.27805384 4226848.92222758
-2163131.78435039 4226848.92222758
-2160132.29064695 4226848.92222758
-2157132.7969435 4226848.92222758
-2154133.30324005 4226848.92222758
-2151133.8095366 4226848.92222758
-2148134.31583315 4226848.92222758
-2145134.8221297 4226848.92222758
-2142135.32842625 4226848.92222758
-2139135.8347228 4226848.92222758
-2175129.75916419 4229848.41593103
-2172130.26546074 4229848.41593103
-2169130.77175729 4229848.41593103
-2166131.27805384 4229848.41593103
-2163131.78435039 4229848.41593103
-2160132.29064695 4229848.41593103
-2157132.7969435 4229848.41593103
-2154133.30324005 4229848.41593103
-2151133.8095366 4229848.41593103
-2148134.31583315 4229848.41593103
-2145134.8221297 4229848.41593103
-2142135.32842625 4229848.41593103
-2139135.8347228 4229848.41593103
-2178129.25286764 4232847.90963448
-2175129.75916419 4232847.90963448
-2172130.26546074 4232847.90963448
-2169130.77175729 4232847.90963448
-2166131.27805384 4232847.90963448
-2163131.78435039 4232847.90963448
-2160132.29064695 4232847.90963448
-2157132.7969435 4232847.90963448
-2154133.30324005 4232847.90963448
-2151133.8095366 4232847.90963448
-2148134.31583315 4232847.90963448
-2145134.8221297 4232847.90963448
-2142135.32842625 4232847.90963448
-2139135.8347228 4232847.90963448
-2136136.34101936 4232847.90963448
-2184128.24027453 4235847.40333793
-2181128.74657109 4235847.40333793
-2178129.25286764 4235847.40333793
-2175129.75916419 4235847.40333793
-2172130.26546074 4235847.40333793
-2169130.77175729 4235847.40333793
-2166131.27805384 4235847.40333793
-2163131.78435039 4235847.40333793
-2160132.29064695 4235847.40333793
-2157132.7969435 4235847.40333793
-2154133.30324005 4235847.40333793
-2151133.8095366 4235847.40333793
-2148134.31583315 4235847.40333793
-2145134.8221297 4235847.40333793
-2142135.32842625 4235847.40333793
-2139135.8347228 4235847.40333793
-2136136.34101936 4235847.40333793
-2133136.84731591 4235847.40333793
-2184128.24027453 4238846.89704138
-2181128.74657109 4238846.89704138
-2178129.25286764 4238846.89704138
-2175129.75916419 4238846.89704138
-2172130.26546074 4238846.89704138
-2169130.77175729 4238846.89704138
-2166131.27805384 4238846.89704138
-2163131.78435039 4238846.89704138
-2160132.29064695 4238846.89704138
-2157132.7969435 4238846.89704138
-2154133.30324005 4238846.89704138
-2151133.8095366 4238846.89704138
-2148134.31583315 4238846.89704138
-2145134.8221297 4238846.89704138
-2142135.32842625 4238846.89704138
-2139135.8347228 4238846.89704138
-2136136.34101936 4238846.89704138
-2133136.84731591 4238846.89704138
-2130137.35361246 4238846.89704138
-2187127.73397798 4241846.39074483
-2184128.24027453 4241846.39074483
-2181128.74657109 4241846.39074483
-2178129.25286764 4241846.39074483
-2175129.75916419 4241846.39074483
-2172130.26546074 4241846.39074483
-2169130.77175729 4241846.39074483
-2166131.27805384 4241846.39074483
-2163131.78435039 4241846.39074483
-2160132.29064695 4241846.39074483
-2157132.7969435 4241846.39074483
-2154133.30324005 4241846.39074483
-2151133.8095366 4241846.39074483
-2148134.31583315 4241846.39074483
-2145134.8221297 4241846.39074483
-2142135.32842625 4241846.39074483
-2139135.8347228 4241846.39074483
-2136136.34101936 4241846.39074483
-2133136.84731591 4241846.39074483
-2130137.35361246 4241846.39074483
-2127137.85990901 4241846.39074483
-2187127.73397798 4244845.88444827
-2184128.24027453 4244845.88444827
-2181128.74657109 4244845.88444827
-2178129.25286764 4244845.88444827
-2175129.75916419 4244845.88444827
-2172130.26546074 4244845.88444827
-2169130.77175729 4244845.88444827
-2166131.27805384 4244845.88444827
-2163131.78435039 4244845.88444827
-2160132.29064695 4244845.88444827
-2157132.7969435 4244845.88444827
-2154133.30324005 4244845.88444827
-2151133.8095366 4244845.88444827
-2148134.31583315 4244845.88444827
-2145134.8221297 4244845.88444827
-2142135.32842625 4244845.88444827
-2139135.8347228 4244845.88444827
-2136136.34101936 4244845.88444827
-2133136.84731591 4244845.88444827
-2130137.35361246 4244845.88444827
-2127137.85990901 4244845.88444827
-2112140.39139177 4244845.88444827
-2109140.89768832 4244845.88444827
-2190127.22768143 4247845.37815172
-2187127.73397798 4247845.37815172
-2184128.24027453 4247845.37815172
-2181128.74657109 4247845.37815172
-2178129.25286764 4247845.37815172
-2175129.75916419 4247845.37815172
-2172130.26546074 4247845.37815172
-2169130.77175729 4247845.37815172
-2166131.27805384 4247845.37815172
-2163131.78435039 4247845.37815172
-2160132.29064695 4247845.37815172
-2157132.7969435 4247845.37815172
-2154133.30324005 4247845.37815172
-2151133.8095366 4247845.37815172
-2148134.31583315 4247845.37815172
-2145134.8221297 4247845.37815172
-2142135.32842625 4247845.37815172
-2139135.8347228 4247845.37815172
-2136136.34101936 4247845.37815172
-2133136.84731591 4247845.37815172
-2130137.35361246 4247845.37815172
-2115139.88509522 4247845.37815172
-2112140.39139177 4247845.37815172
-2109140.89768832 4247845.37815172
-2106141.40398487 4247845.37815172
-2196126.21508833 4250844.87185517
-2193126.72138488 4250844.87185517
-2190127.22768143 4250844.87185517
-2187127.73397798 4250844.87185517
-2184128.24027453 4250844.87185517
-2181128.74657109 4250844.87185517
-2178129.25286764 4250844.87185517
-2175129.75916419 4250844.87185517
-2172130.26546074 4250844.87185517
-2169130.77175729 4250844.87185517
-2166131.27805384 4250844.87185517
-2163131.78435039 4250844.87185517
-2160132.29064695 4250844.87185517
-2157132.7969435 4250844.87185517
-2154133.30324005 4250844.87185517
-2151133.8095366 4250844.87185517
-2148134.31583315 4250844.87185517
-2145134.8221297 4250844.87185517
-2142135.32842625 4250844.87185517
-2139135.8347228 4250844.87185517
-2136136.34101936 4250844.87185517
-2133136.84731591 4250844.87185517
-2130137.35361246 4250844.87185517
-2118139.37879866 4250844.87185517
-2115139.88509522 4250844.87185517
-2112140.39139177 4250844.87185517
-2109140.89768832 4250844.87185517
-2106141.40398487 4250844.87185517
-2199125.70879178 4253844.36555862
-2196126.21508833 4253844.36555862
-2193126.72138488 4253844.36555862
-2190127.22768143 4253844.36555862
-2187127.73397798 4253844.36555862
-2184128.24027453 4253844.36555862
-2181128.74657109 4253844.36555862
-2178129.25286764 4253844.36555862
-2175129.75916419 4253844.36555862
-2172130.26546074 4253844.36555862
-2169130.77175729 4253844.36555862
-2166131.27805384 4253844.36555862
-2163131.78435039 4253844.36555862
-2160132.29064695 4253844.36555862
-2157132.7969435 4253844.36555862
-2154133.30324005 4253844.36555862
-2151133.8095366 4253844.36555862
-2148134.31583315 4253844.36555862
-2145134.8221297 4253844.36555862
-2142135.32842625 4253844.36555862
-2139135.8347228 4253844.36555862
-2136136.34101936 4253844.36555862
-2133136.84731591 4253844.36555862
-2121138.87250211 4253844.36555862
-2118139.37879866 4253844.36555862
-2115139.88509522 4253844.36555862
-2112140.39139177 4253844.36555862
-2109140.89768832 4253844.36555862
-2106141.40398487 4253844.36555862
-2103141.91028142 4253844.36555862
-2199125.70879178 4256843.85926207
-2196126.21508833 4256843.85926207
-2193126.72138488 4256843.85926207
-2190127.22768143 4256843.85926207
-2187127.73397798 4256843.85926207
-2184128.24027453 4256843.85926207
-2181128.74657109 4256843.85926207
-2178129.25286764 4256843.85926207
-2175129.75916419 4256843.85926207
-2172130.26546074 4256843.85926207
-2169130.77175729 4256843.85926207
-2166131.27805384 4256843.85926207
-2163131.78435039 4256843.85926207
-2160132.29064695 4256843.85926207
-2157132.7969435 4256843.85926207
-2154133.30324005 4256843.85926207
-2151133.8095366 4256843.85926207
-2148134.31583315 4256843.85926207
-2145134.8221297 4256843.85926207
-2142135.32842625 4256843.85926207
-2139135.8347228 4256843.85926207
-2136136.34101936 4256843.85926207
-2133136.84731591 4256843.85926207
-2121138.87250211 4256843.85926207
-2118139.37879866 4256843.85926207
-2115139.88509522 4256843.85926207
-2112140.39139177 4256843.85926207
-2109140.89768832 4256843.85926207
-2106141.40398487 4256843.85926207
-2103141.91028142 4256843.85926207
-2100142.41657797 4256843.85926207
-2199125.70879178 4259843.35296552
-2196126.21508833 4259843.35296552
-2193126.72138488 4259843.35296552
-2190127.22768143 4259843.35296552
-2187127.73397798 4259843.35296552
-2184128.24027453 4259843.35296552
-2181128.74657109 4259843.35296552
-2178129.25286764 4259843.35296552
-2175129.75916419 4259843.35296552
-2172130.26546074 4259843.35296552
-2169130.77175729 4259843.35296552
-2166131.27805384 4259843.35296552
-2163131.78435039 4259843.35296552
-2160132.29064695 4259843.35296552
-2157132.7969435 4259843.35296552
-2154133.30324005 4259843.35296552
-2151133.8095366 4259843.35296552
-2148134.31583315 4259843.35296552
-2145134.8221297 4259843.35296552
-2142135.32842625 4259843.35296552
-2139135.8347228 4259843.35296552
-2136136.34101936 4259843.35296552
-2133136.84731591 4259843.35296552
-2124138.36620556 4259843.35296552
-2121138.87250211 4259843.35296552
-2118139.37879866 4259843.35296552
-2115139.88509522 4259843.35296552
-2112140.39139177 4259843.35296552
-2109140.89768832 4259843.35296552
-2106141.40398487 4259843.35296552
-2103141.91028142 4259843.35296552
-2100142.41657797 4259843.35296552
-2202125.20249523 4262842.84666897
-2199125.70879178 4262842.84666897
-2196126.21508833 4262842.84666897
-2193126.72138488 4262842.84666897
-2190127.22768143 4262842.84666897
-2187127.73397798 4262842.84666897
-2184128.24027453 4262842.84666897
-2181128.74657109 4262842.84666897
-2178129.25286764 4262842.84666897
-2175129.75916419 4262842.84666897
-2172130.26546074 4262842.84666897
-2169130.77175729 4262842.84666897
-2166131.27805384 4262842.84666897
-2163131.78435039 4262842.84666897
-2160132.29064695 4262842.84666897
-2157132.7969435 4262842.84666897
-2154133.30324005 4262842.84666897
-2151133.8095366 4262842.84666897
-2148134.31583315 4262842.84666897
-2145134.8221297 4262842.84666897
-2142135.32842625 4262842.84666897
-2139135.8347228 4262842.84666897
-2136136.34101936 4262842.84666897
-2133136.84731591 4262842.84666897
-2127137.85990901 4262842.84666897
-2124138.36620556 4262842.84666897
-2121138.87250211 4262842.84666897
-2118139.37879866 4262842.84666897
-2115139.88509522 4262842.84666897
-2112140.39139177 4262842.84666897
-2109140.89768832 4262842.84666897
-2106141.40398487 4262842.84666897
-2103141.91028142 4262842.84666897
-2100142.41657797 4262842.84666897
-2097142.92287452 4262842.84666897
-2205124.69619867 4265842.34037242
-2202125.20249523 4265842.34037242
-2199125.70879178 4265842.34037242
-2196126.21508833 4265842.34037242
-2193126.72138488 4265842.34037242
-2190127.22768143 4265842.34037242
-2187127.73397798 4265842.34037242
-2184128.24027453 4265842.34037242
-2181128.74657109 4265842.34037242
-2178129.25286764 4265842.34037242
-2175129.75916419 4265842.34037242
-2172130.26546074 4265842.34037242
-2169130.77175729 4265842.34037242
-2166131.27805384 4265842.34037242
-2163131.78435039 4265842.34037242
-2160132.29064695 4265842.34037242
-2157132.7969435 4265842.34037242
-2154133.30324005 4265842.34037242
-2151133.8095366 4265842.34037242
-2148134.31583315 4265842.34037242
-2145134.8221297 4265842.34037242
-2142135.32842625 4265842.34037242
-2139135.8347228 4265842.34037242
-2136136.34101936 4265842.34037242
-2133136.84731591 4265842.34037242
-2130137.35361246 4265842.34037242
-2127137.85990901 4265842.34037242
-2124138.36620556 4265842.34037242
-2121138.87250211 4265842.34037242
-2118139.37879866 4265842.34037242
-2115139.88509522 4265842.34037242
-2112140.39139177 4265842.34037242
-2109140.89768832 4265842.34037242
-2106141.40398487 4265842.34037242
-2103141.91028142 4265842.34037242
-2100142.41657797 4265842.34037242
-2097142.92287452 4265842.34037242
-2205124.69619867 4268841.83407586
-2202125.20249523 4268841.83407586
-2199125.70879178 4268841.83407586
-2196126.21508833 4268841.83407586
-2193126.72138488 4268841.83407586
-2190127.22768143 4268841.83407586
-2187127.73397798 4268841.83407586
-2184128.24027453 4268841.83407586
-2181128.74657109 4268841.83407586
-2178129.25286764 4268841.83407586
-2175129.75916419 4268841.83407586
-2172130.26546074 4268841.83407586
-2169130.77175729 4268841.83407586
-2166131.27805384 4268841.83407586
-2163131.78435039 4268841.83407586
-2160132.29064695 4268841.83407586
-2157132.7969435 4268841.83407586
-2154133.30324005 4268841.83407586
-2151133.8095366 4268841.83407586
-2148134.31583315 4268841.83407586
-2145134.8221297 4268841.83407586
-2142135.32842625 4268841.83407586
-2139135.8347228 4268841.83407586
-2136136.34101936 4268841.83407586
-2133136.84731591 4268841.83407586
-2130137.35361246 4268841.83407586
-2127137.85990901 4268841.83407586
-2124138.36620556 4268841.83407586
-2121138.87250211 4268841.83407586
-2118139.37879866 4268841.83407586
-2115139.88509522 4268841.83407586
-2112140.39139177 4268841.83407586
-2109140.89768832 4268841.83407586
-2106141.40398487 4268841.83407586
-2103141.91028142 4268841.83407586
-2100142.41657797 4268841.83407586
-2097142.92287452 4268841.83407586
-2094143.42917108 4268841.83407586
-2208124.18990212 4271841.32777931
-2205124.69619867 4271841.32777931
-2202125.20249523 4271841.32777931
-2199125.70879178 4271841.32777931
-2196126.21508833 4271841.32777931
-2193126.72138488 4271841.32777931
-2190127.22768143 4271841.32777931
-2187127.73397798 4271841.32777931
-2184128.24027453 4271841.32777931
-2181128.74657109 4271841.32777931
-2178129.25286764 4271841.32777931
-2175129.75916419 4271841.32777931
-2172130.26546074 4271841.32777931
-2169130.77175729 4271841.32777931
-2166131.27805384 4271841.32777931
-2163131.78435039 4271841.32777931
-2160132.29064695 4271841.32777931
-2157132.7969435 4271841.32777931
-2154133.30324005 4271841.32777931
-2151133.8095366 4271841.32777931
-2148134.31583315 4271841.32777931
-2145134.8221297 4271841.32777931
-2142135.32842625 4271841.32777931
-2139135.8347228 4271841.32777931
-2136136.34101936 4271841.32777931
-2133136.84731591 4271841.32777931
-2130137.35361246 4271841.32777931
-2127137.85990901 4271841.32777931
-2124138.36620556 4271841.32777931
-2121138.87250211 4271841.32777931
-2118139.37879866 4271841.32777931
-2115139.88509522 4271841.32777931
-2112140.39139177 4271841.32777931
-2109140.89768832 4271841.32777931
-2106141.40398487 4271841.32777931
-2103141.91028142 4271841.32777931
-2100142.41657797 4271841.32777931
-2097142.92287452 4271841.32777931
-2094143.42917108 4271841.32777931
-2091143.93546763 4271841.32777931
-2088144.44176418 4271841.32777931
-2085144.94806073 4271841.32777931
-2082145.45435728 4271841.32777931
-2073146.97324694 4271841.32777931
-2070147.47954349 4271841.32777931
-2211123.68360557 4274840.82148276
-2208124.18990212 4274840.82148276
-2205124.69619867 4274840.82148276
-2202125.20249523 4274840.82148276
-2199125.70879178 4274840.82148276
-2196126.21508833 4274840.82148276
-2193126.72138488 4274840.82148276
-2190127.22768143 4274840.82148276
-2187127.73397798 4274840.82148276
-2184128.24027453 4274840.82148276
-2181128.74657109 4274840.82148276
-2178129.25286764 4274840.82148276
-2175129.75916419 4274840.82148276
-2172130.26546074 4274840.82148276
-2169130.77175729 4274840.82148276
-2166131.27805384 4274840.82148276
-2163131.78435039 4274840.82148276
-2160132.29064695 4274840.82148276
-2157132.7969435 4274840.82148276
-2154133.30324005 4274840.82148276
-2151133.8095366 4274840.82148276
-2148134.31583315 4274840.82148276
-2145134.8221297 4274840.82148276
-2142135.32842625 4274840.82148276
-2139135.8347228 4274840.82148276
-2136136.34101936 4274840.82148276
-2133136.84731591 4274840.82148276
-2130137.35361246 4274840.82148276
-2127137.85990901 4274840.82148276
-2124138.36620556 4274840.82148276
-2121138.87250211 4274840.82148276
-2118139.37879866 4274840.82148276
-2115139.88509522 4274840.82148276
-2112140.39139177 4274840.82148276
-2109140.89768832 4274840.82148276
-2106141.40398487 4274840.82148276
-2103141.91028142 4274840.82148276
-2100142.41657797 4274840.82148276
-2097142.92287452 4274840.82148276
-2094143.42917108 4274840.82148276
-2091143.93546763 4274840.82148276
-2088144.44176418 4274840.82148276
-2085144.94806073 4274840.82148276
-2082145.45435728 4274840.82148276
-2079145.96065383 4274840.82148276
-2076146.46695038 4274840.82148276
-2073146.97324694 4274840.82148276
-2070147.47954349 4274840.82148276
-2067147.98584004 4274840.82148276
-2064148.49213659 4274840.82148276
-2214123.17730902 4277840.31518621
-2211123.68360557 4277840.31518621
-2208124.18990212 4277840.31518621
-2205124.69619867 4277840.31518621
-2202125.20249523 4277840.31518621
-2199125.70879178 4277840.31518621
-2196126.21508833 4277840.31518621
-2193126.72138488 4277840.31518621
-2190127.22768143 4277840.31518621
-2187127.73397798 4277840.31518621
-2184128.24027453 4277840.31518621
-2181128.74657109 4277840.31518621
-2178129.25286764 4277840.31518621
-2175129.75916419 4277840.31518621
-2172130.26546074 4277840.31518621
-2169130.77175729 4277840.31518621
-2166131.27805384 4277840.31518621
-2163131.78435039 4277840.31518621
-2160132.29064695 4277840.31518621
-2157132.7969435 4277840.31518621
-2154133.30324005 4277840.31518621
-2151133.8095366 4277840.31518621
-2148134.31583315 4277840.31518621
-2145134.8221297 4277840.31518621
-2142135.32842625 4277840.31518621
-2139135.8347228 4277840.31518621
-2136136.34101936 4277840.31518621
-2133136.84731591 4277840.31518621
-2130137.35361246 4277840.31518621
-2127137.85990901 4277840.31518621
-2124138.36620556 4277840.31518621
-2121138.87250211 4277840.31518621
-2118139.37879866 4277840.31518621
-2115139.88509522 4277840.31518621
-2112140.39139177 4277840.31518621
-2109140.89768832 4277840.31518621
-2106141.40398487 4277840.31518621
-2103141.91028142 4277840.31518621
-2100142.41657797 4277840.31518621
-2097142.92287452 4277840.31518621
-2094143.42917108 4277840.31518621
-2091143.93546763 4277840.31518621
-2088144.44176418 4277840.31518621
-2085144.94806073 4277840.31518621
-2082145.45435728 4277840.31518621
-2079145.96065383 4277840.31518621
-2076146.46695038 4277840.31518621
-2073146.97324694 4277840.31518621
-2070147.47954349 4277840.31518621
-2067147.98584004 4277840.31518621
-2064148.49213659 4277840.31518621
-2061148.99843314 4277840.31518621
-2211123.68360557 4280839.80888966
-2208124.18990212 4280839.80888966
-2205124.69619867 4280839.80888966
-2202125.20249523 4280839.80888966
-2199125.70879178 4280839.80888966
-2196126.21508833 4280839.80888966
-2193126.72138488 4280839.80888966
-2190127.22768143 4280839.80888966
-2187127.73397798 4280839.80888966
-2184128.24027453 4280839.80888966
-2181128.74657109 4280839.80888966
-2178129.25286764 4280839.80888966
-2175129.75916419 4280839.80888966
-2172130.26546074 4280839.80888966
-2169130.77175729 4280839.80888966
-2166131.27805384 4280839.80888966
-2163131.78435039 4280839.80888966
-2160132.29064695 4280839.80888966
-2157132.7969435 4280839.80888966
-2154133.30324005 4280839.80888966
-2151133.8095366 4280839.80888966
-2148134.31583315 4280839.80888966
-2145134.8221297 4280839.80888966
-2142135.32842625 4280839.80888966
-2139135.8347228 4280839.80888966
-2136136.34101936 4280839.80888966
-2133136.84731591 4280839.80888966
-2130137.35361246 4280839.80888966
-2127137.85990901 4280839.80888966
-2124138.36620556 4280839.80888966
-2121138.87250211 4280839.80888966
-2118139.37879866 4280839.80888966
-2115139.88509522 4280839.80888966
-2112140.39139177 4280839.80888966
-2109140.89768832 4280839.80888966
-2106141.40398487 4280839.80888966
-2103141.91028142 4280839.80888966
-2100142.41657797 4280839.80888966
-2097142.92287452 4280839.80888966
-2094143.42917108 4280839.80888966
-2091143.93546763 4280839.80888966
-2088144.44176418 4280839.80888966
-2085144.94806073 4280839.80888966
-2082145.45435728 4280839.80888966
-2079145.96065383 4280839.80888966
-2076146.46695038 4280839.80888966
-2073146.97324694 4280839.80888966
-2070147.47954349 4280839.80888966
-2067147.98584004 4280839.80888966
-2064148.49213659 4280839.80888966
-2061148.99843314 4280839.80888966
-2058149.50472969 4280839.80888966
-2208124.18990212 4283839.30259311
-2205124.69619867 4283839.30259311
-2202125.20249523 4283839.30259311
-2199125.70879178 4283839.30259311
-2196126.21508833 4283839.30259311
-2193126.72138488 4283839.30259311
-2190127.22768143 4283839.30259311
-2187127.73397798 4283839.30259311
-2184128.24027453 4283839.30259311
-2181128.74657109 4283839.30259311
-2178129.25286764 4283839.30259311
-2175129.75916419 4283839.30259311
-2172130.26546074 4283839.30259311
-2169130.77175729 4283839.30259311
-2166131.27805384 4283839.30259311
-2163131.78435039 4283839.30259311
-2160132.29064695 4283839.30259311
-2157132.7969435 4283839.30259311
-2154133.30324005 4283839.30259311
-2151133.8095366 4283839.30259311
-2148134.31583315 4283839.30259311
-2145134.8221297 4283839.30259311
-2142135.32842625 4283839.30259311
-2139135.8347228 4283839.30259311
-2136136.34101936 4283839.30259311
-2133136.84731591 4283839.30259311
-2130137.35361246 4283839.30259311
-2127137.85990901 4283839.30259311
-2124138.36620556 4283839.30259311
-2121138.87250211 4283839.30259311
-2118139.37879866 4283839.30259311
-2115139.88509522 4283839.30259311
-2112140.39139177 4283839.30259311
-2109140.89768832 4283839.30259311
-2106141.40398487 4283839.30259311
-2103141.91028142 4283839.30259311
-2100142.41657797 4283839.30259311
-2097142.92287452 4283839.30259311
-2094143.42917108 4283839.30259311
-2091143.93546763 4283839.30259311
-2088144.44176418 4283839.30259311
-2085144.94806073 4283839.30259311
-2082145.45435728 4283839.30259311
-2079145.96065383 4283839.30259311
-2076146.46695038 4283839.30259311
-2073146.97324694 4283839.30259311
-2070147.47954349 4283839.30259311
-2067147.98584004 4283839.30259311
-2064148.49213659 4283839.30259311
-2061148.99843314 4283839.30259311
-2058149.50472969 4283839.30259311
-2205124.69619867 4286838.79629656
-2202125.20249523 4286838.79629656
-2199125.70879178 4286838.79629656
-2196126.21508833 4286838.79629656
-2193126.72138488 4286838.79629656
-2190127.22768143 4286838.79629656
-2187127.73397798 4286838.79629656
-2184128.24027453 4286838.79629656
-2181128.74657109 4286838.79629656
-2178129.25286764 4286838.79629656
-2175129.75916419 4286838.79629656
-2172130.26546074 4286838.79629656
-2169130.77175729 4286838.79629656
-2166131.27805384 4286838.79629656
-2163131.78435039 4286838.79629656
-2160132.29064695 4286838.79629656
-2157132.7969435 4286838.79629656
-2154133.30324005 4286838.79629656
-2151133.8095366 4286838.79629656
-2148134.31583315 4286838.79629656
-2145134.8221297 4286838.79629656
-2142135.32842625 4286838.79629656
-2139135.8347228 4286838.79629656
-2136136.34101936 4286838.79629656
-2133136.84731591 4286838.79629656
-2130137.35361246 4286838.79629656
-2127137.85990901 4286838.79629656
-2124138.36620556 4286838.79629656
-2121138.87250211 4286838.79629656
-2118139.37879866 4286838.79629656
-2115139.88509522 4286838.79629656
-2112140.39139177 4286838.79629656
-2109140.89768832 4286838.79629656
-2106141.40398487 4286838.79629656
-2103141.91028142 4286838.79629656
-2100142.41657797 4286838.79629656
-2097142.92287452 4286838.79629656
-2094143.42917108 4286838.79629656
-2091143.93546763 4286838.79629656
-2088144.44176418 4286838.79629656
-2085144.94806073 4286838.79629656
-2082145.45435728 4286838.79629656
-2079145.96065383 4286838.79629656
-2076146.46695038 4286838.79629656
-2073146.97324694 4286838.79629656
-2070147.47954349 4286838.79629656
-2067147.98584004 4286838.79629656
-2064148.49213659 4286838.79629656
-2061148.99843314 4286838.79629656
-2058149.50472969 4286838.79629656
-2193126.72138488 4289838.29
-2190127.22768143 4289838.29
-2187127.73397798 4289838.29
-2184128.24027453 4289838.29
-2181128.74657109 4289838.29
-2178129.25286764 4289838.29
-2175129.75916419 4289838.29
-2172130.26546074 4289838.29
-2169130.77175729 4289838.29
-2166131.27805384 4289838.29
-2163131.78435039 4289838.29
-2160132.29064695 4289838.29
-2157132.7969435 4289838.29
-2154133.30324005 4289838.29
-2151133.8095366 4289838.29
-2148134.31583315 4289838.29
-2145134.8221297 4289838.29
-2142135.32842625 4289838.29
-2139135.8347228 4289838.29
-2136136.34101936 4289838.29
-2133136.84731591 4289838.29
-2130137.35361246 4289838.29
-2127137.85990901 4289838.29
-2124138.36620556 4289838.29
-2121138.87250211 4289838.29
-2118139.37879866 4289838.29
-2115139.88509522 4289838.29
-2112140.39139177 4289838.29
-2109140.89768832 4289838.29
-2106141.40398487 4289838.29
-2103141.91028142 4289838.29
-2100142.41657797 4289838.29
-2097142.92287452 4289838.29
-2094143.42917108 4289838.29
-2091143.93546763 4289838.29
-2088144.44176418 4289838.29
-2085144.94806073 4289838.29
-2082145.45435728 4289838.29
-2079145.96065383 4289838.29
-2076146.46695038 4289838.29
-2073146.97324694 4289838.29
-2070147.47954349 4289838.29
-2067147.98584004 4289838.29
-2064148.49213659 4289838.29
-2061148.99843314 4289838.29
-2151133.8095366 4292837.78370345
-2148134.31583315 4292837.78370345
-2145134.8221297 4292837.78370345
-2142135.32842625 4292837.78370345
-2139135.8347228 4292837.78370345
-2136136.34101936 4292837.78370345
-2133136.84731591 4292837.78370345
-2130137.35361246 4292837.78370345
-2127137.85990901 4292837.78370345
-2124138.36620556 4292837.78370345
-2121138.87250211 4292837.78370345
-2118139.37879866 4292837.78370345
-2115139.88509522 4292837.78370345
-2112140.39139177 4292837.78370345
-2109140.89768832 4292837.78370345
-2106141.40398487 4292837.78370345
-2103141.91028142 4292837.78370345
-2100142.41657797 4292837.78370345
-2097142.92287452 4292837.78370345
-2094143.42917108 4292837.78370345
-2091143.93546763 4292837.78370345
-2088144.44176418 4292837.78370345
-2085144.94806073 4292837.78370345
-2082145.45435728 4292837.78370345
-2079145.96065383 4292837.78370345
-2076146.46695038 4292837.78370345
-2073146.97324694 4292837.78370345
-2070147.47954349 4292837.78370345
-2067147.98584004 4292837.78370345
-2064148.49213659 4292837.78370345
-2061148.99843314 4292837.78370345
-2139135.8347228 4295837.2774069
-2136136.34101936 4295837.2774069
-2133136.84731591 4295837.2774069
-2130137.35361246 4295837.2774069
-2127137.85990901 4295837.2774069
-2124138.36620556 4295837.2774069
-2121138.87250211 4295837.2774069
-2118139.37879866 4295837.2774069
-2115139.88509522 4295837.2774069
-2112140.39139177 4295837.2774069
-2109140.89768832 4295837.2774069
-2106141.40398487 4295837.2774069
-2103141.91028142 4295837.2774069
-2100142.41657797 4295837.2774069
-2097142.92287452 4295837.2774069
-2094143.42917108 4295837.2774069
-2091143.93546763 4295837.2774069
-2088144.44176418 4295837.2774069
-2085144.94806073 4295837.2774069
-2082145.45435728 4295837.2774069
-2079145.96065383 4295837.2774069
-2076146.46695038 4295837.2774069
-2073146.97324694 4295837.2774069
-2070147.47954349 4295837.2774069
-2067147.98584004 4295837.2774069
-2064148.49213659 4295837.2774069
-2133136.84731591 4298836.77111035
-2130137.35361246 4298836.77111035
-2127137.85990901 4298836.77111035
-2124138.36620556 4298836.77111035
-2121138.87250211 4298836.77111035
-2118139.37879866 4298836.77111035
-2115139.88509522 4298836.77111035
-2112140.39139177 4298836.77111035
-2109140.89768832 4298836.77111035
-2106141.40398487 4298836.77111035
-2103141.91028142 4298836.77111035
-2100142.41657797 4298836.77111035
-2097142.92287452 4298836.77111035
-2094143.42917108 4298836.77111035
-2091143.93546763 4298836.77111035
-2088144.44176418 4298836.77111035
-2085144.94806073 4298836.77111035
-2082145.45435728 4298836.77111035
-2079145.96065383 4298836.77111035
-2076146.46695038 4298836.77111035
-2073146.97324694 4298836.77111035
-2070147.47954349 4298836.77111035
-2067147.98584004 4298836.77111035
-2130137.35361246 4301836.2648138
-2127137.85990901 4301836.2648138
-2124138.36620556 4301836.2648138
-2121138.87250211 4301836.2648138
-2118139.37879866 4301836.2648138
-2115139.88509522 4301836.2648138
-2112140.39139177 4301836.2648138
-2109140.89768832 4301836.2648138
-2106141.40398487 4301836.2648138
-2103141.91028142 4301836.2648138
-2100142.41657797 4301836.2648138
-2097142.92287452 4301836.2648138
-2094143.42917108 4301836.2648138
-2091143.93546763 4301836.2648138
-2088144.44176418 4301836.2648138
-2085144.94806073 4301836.2648138
-2082145.45435728 4301836.2648138
-2079145.96065383 4301836.2648138
-2076146.46695038 4301836.2648138
-2073146.97324694 4301836.2648138
-2070147.47954349 4301836.2648138
-2067147.98584004 4301836.2648138
-2127137.85990901 4304835.75851725
-2124138.36620556 4304835.75851725
-2121138.87250211 4304835.75851725
-2118139.37879866 4304835.75851725
-2115139.88509522 4304835.75851725
-2112140.39139177 4304835.75851725
-2109140.89768832 4304835.75851725
-2106141.40398487 4304835.75851725
-2103141.91028142 4304835.75851725
-2100142.41657797 4304835.75851725
-2097142.92287452 4304835.75851725
-2094143.42917108 4304835.75851725
-2091143.93546763 4304835.75851725
-2088144.44176418 4304835.75851725
-2085144.94806073 4304835.75851725
-2082145.45435728 4304835.75851725
-2079145.96065383 4304835.75851725
-2076146.46695038 4304835.75851725
-2073146.97324694 4304835.75851725
-2070147.47954349 4304835.75851725
-2127137.85990901 4307835.2522207
-2124138.36620556 4307835.2522207
-2121138.87250211 4307835.2522207
-2118139.37879866 4307835.2522207
-2115139.88509522 4307835.2522207
-2112140.39139177 4307835.2522207
-2109140.89768832 4307835.2522207
-2106141.40398487 4307835.2522207
-2103141.91028142 4307835.2522207
-2100142.41657797 4307835.2522207
-2097142.92287452 4307835.2522207
-2094143.42917108 4307835.2522207
-2091143.93546763 4307835.2522207
-2088144.44176418 4307835.2522207
-2085144.94806073 4307835.2522207
-2082145.45435728 4307835.2522207
-2079145.96065383 4307835.2522207
-2076146.46695038 4307835.2522207
-2073146.97324694 4307835.2522207
-2127137.85990901 4310834.74592414
-2124138.36620556 4310834.74592414
-2121138.87250211 4310834.74592414
-2118139.37879866 4310834.74592414
-2115139.88509522 4310834.74592414
-2112140.39139177 4310834.74592414
-2109140.89768832 4310834.74592414
-2106141.40398487 4310834.74592414
-2103141.91028142 4310834.74592414
-2100142.41657797 4310834.74592414
-2097142.92287452 4310834.74592414
-2094143.42917108 4310834.74592414
-2091143.93546763 4310834.74592414
-2088144.44176418 4310834.74592414
-2085144.94806073 4310834.74592414
-2082145.45435728 4310834.74592414
-2079145.96065383 4310834.74592414
-2076146.46695038 4310834.74592414
-2127137.85990901 4313834.23962759
-2124138.36620556 4313834.23962759
-2121138.87250211 4313834.23962759
-2118139.37879866 4313834.23962759
-2115139.88509522 4313834.23962759
-2112140.39139177 4313834.23962759
-2109140.89768832 4313834.23962759
-2106141.40398487 4313834.23962759
-2103141.91028142 4313834.23962759
-2100142.41657797 4313834.23962759
-2097142.92287452 4313834.23962759
-2094143.42917108 4313834.23962759
-2091143.93546763 4313834.23962759
-2088144.44176418 4313834.23962759
-2085144.94806073 4313834.23962759
-2082145.45435728 4313834.23962759
-2079145.96065383 4313834.23962759
-2076146.46695038 4313834.23962759
-2127137.85990901 4316833.73333104
-2124138.36620556 4316833.73333104
-2121138.87250211 4316833.73333104
-2118139.37879866 4316833.73333104
-2115139.88509522 4316833.73333104
-2112140.39139177 4316833.73333104
-2109140.89768832 4316833.73333104
-2106141.40398487 4316833.73333104
-2103141.91028142 4316833.73333104
-2100142.41657797 4316833.73333104
-2097142.92287452 4316833.73333104
-2094143.42917108 4316833.73333104
-2091143.93546763 4316833.73333104
-2088144.44176418 4316833.73333104
-2085144.94806073 4316833.73333104
-2082145.45435728 4316833.73333104
-2079145.96065383 4316833.73333104
-2076146.46695038 4316833.73333104
-2127137.85990901 4319833.22703449
-2124138.36620556 4319833.22703449
-2121138.87250211 4319833.22703449
-2118139.37879866 4319833.22703449
-2115139.88509522 4319833.22703449
-2112140.39139177 4319833.22703449
-2109140.89768832 4319833.22703449
-2106141.40398487 4319833.22703449
-2103141.91028142 4319833.22703449
-2100142.41657797 4319833.22703449
-2097142.92287452 4319833.22703449
-2094143.42917108 4319833.22703449
-2091143.93546763 4319833.22703449
-2088144.44176418 4319833.22703449
-2085144.94806073 4319833.22703449
-2082145.45435728 4319833.22703449
-2079145.96065383 4319833.22703449
-2076146.46695038 4319833.22703449
-2127137.85990901 4322832.72073794
-2124138.36620556 4322832.72073794
-2121138.87250211 4322832.72073794
-2118139.37879866 4322832.72073794
-2115139.88509522 4322832.72073794
-2112140.39139177 4322832.72073794
-2109140.89768832 4322832.72073794
-2106141.40398487 4322832.72073794
-2103141.91028142 4322832.72073794
-2100142.41657797 4322832.72073794
-2097142.92287452 4322832.72073794
-2094143.42917108 4322832.72073794
-2091143.93546763 4322832.72073794
-2088144.44176418 4322832.72073794
-2085144.94806073 4322832.72073794
-2082145.45435728 4322832.72073794
-2079145.96065383 4322832.72073794
-2127137.85990901 4325832.21444139
-2124138.36620556 4325832.21444139
-2121138.87250211 4325832.21444139
-2118139.37879866 4325832.21444139
-2115139.88509522 4325832.21444139
-2112140.39139177 4325832.21444139
-2109140.89768832 4325832.21444139
-2106141.40398487 4325832.21444139
-2103141.91028142 4325832.21444139
-2100142.41657797 4325832.21444139
-2097142.92287452 4325832.21444139
-2094143.42917108 4325832.21444139
-2091143.93546763 4325832.21444139
-2088144.44176418 4325832.21444139
-2085144.94806073 4325832.21444139
-2082145.45435728 4325832.21444139
-2079145.96065383 4325832.21444139
-2127137.85990901 4328831.70814484
-2124138.36620556 4328831.70814484
-2121138.87250211 4328831.70814484
-2118139.37879866 4328831.70814484
-2115139.88509522 4328831.70814484
-2112140.39139177 4328831.70814484
-2109140.89768832 4328831.70814484
-2106141.40398487 4328831.70814484
-2103141.91028142 4328831.70814484
-2100142.41657797 4328831.70814484
-2097142.92287452 4328831.70814484
-2094143.42917108 4328831.70814484
-2091143.93546763 4328831.70814484
-2088144.44176418 4328831.70814484
-2085144.94806073 4328831.70814484
-2082145.45435728 4328831.70814484
-2127137.85990901 4331831.20184828
-2124138.36620556 4331831.20184828
-2121138.87250211 4331831.20184828
-2118139.37879866 4331831.20184828
-2115139.88509522 4331831.20184828
-2112140.39139177 4331831.20184828
-2109140.89768832 4331831.20184828
-2106141.40398487 4331831.20184828
-2103141.91028142 4331831.20184828
-2100142.41657797 4331831.20184828
-2097142.92287452 4331831.20184828
-2094143.42917108 4331831.20184828
-2091143.93546763 4331831.20184828
-2088144.44176418 4331831.20184828
-2127137.85990901 4334830.69555173
-2124138.36620556 4334830.69555173
-2121138.87250211 4334830.69555173
-2118139.37879866 4334830.69555173
-2115139.88509522 4334830.69555173
-2112140.39139177 4334830.69555173
-2109140.89768832 4334830.69555173
-2106141.40398487 4334830.69555173
-2103141.91028142 4334830.69555173
-2100142.41657797 4334830.69555173
-2097142.92287452 4334830.69555173
-2094143.42917108 4334830.69555173
-2091143.93546763 4334830.69555173
-2127137.85990901 4337830.18925518
-2124138.36620556 4337830.18925518
-2121138.87250211 4337830.18925518
-2118139.37879866 4337830.18925518
-2115139.88509522 4337830.18925518
-2112140.39139177 4337830.18925518
-2109140.89768832 4337830.18925518
-2106141.40398487 4337830.18925518
-2103141.91028142 4337830.18925518
-2100142.41657797 4337830.18925518
-2097142.92287452 4337830.18925518
-2094143.42917108 4337830.18925518
-2091143.93546763 4337830.18925518
-2124138.36620556 4340829.68295863
-2121138.87250211 4340829.68295863
-2118139.37879866 4340829.68295863
-2115139.88509522 4340829.68295863
-2112140.39139177 4340829.68295863
-2109140.89768832 4340829.68295863
-2106141.40398487 4340829.68295863
-2103141.91028142 4340829.68295863
-2100142.41657797 4340829.68295863
-2097142.92287452 4340829.68295863
-2094143.42917108 4340829.68295863
-2124138.36620556 4343829.17666208
-2121138.87250211 4343829.17666208
-2118139.37879866 4343829.17666208
-2115139.88509522 4343829.17666208
-2112140.39139177 4343829.17666208
-2109140.89768832 4343829.17666208
-2106141.40398487 4343829.17666208
-2103141.91028142 4343829.17666208
-2100142.41657797 4343829.17666208
-2097142.92287452 4343829.17666208
-2094143.42917108 4343829.17666208
-2091143.93546763 4343829.17666208
-2121138.87250211 4346828.67036553
-2118139.37879866 4346828.67036553
-2115139.88509522 4346828.67036553
-2112140.39139177 4346828.67036553
-2109140.89768832 4346828.67036553
-2106141.40398487 4346828.67036553
-2103141.91028142 4346828.67036553
-2100142.41657797 4346828.67036553
-2097142.92287452 4346828.67036553
-2094143.42917108 4346828.67036553
-2121138.87250211 4349828.16406898
-2118139.37879866 4349828.16406898
-2115139.88509522 4349828.16406898
-2112140.39139177 4349828.16406898
-2109140.89768832 4349828.16406898
-2106141.40398487 4349828.16406898
-2103141.91028142 4349828.16406898
-2100142.41657797 4349828.16406898
-2097142.92287452 4349828.16406898
-2118139.37879866 4352827.65777242
-2115139.88509522 4352827.65777242
-2112140.39139177 4352827.65777242
-2109140.89768832 4352827.65777242
-2106141.40398487 4352827.65777242
-2103141.91028142 4352827.65777242
-2100142.41657797 4352827.65777242
-2115139.88509522 4355827.15147587
-2112140.39139177 4355827.15147587
-2109140.89768832 4355827.15147587
-2106141.40398487 4355827.15147587
-2112140.39139177 4358826.64517932
-2109140.89768832 4358826.64517932
-2106141.40398487 4358826.64517932
-2112140.39139177 4361826.13888277
-2109140.89768832 4361826.13888277
-2106141.40398487 4361826.13888277
-2109140.89768832 4364825.63258622
-2106141.40398487 4364825.63258622
-2106141.40398487 4367825.12628967
-2103141.91028142 4367825.12628967
-2103141.91028142 4370824.61999312
-2103141.91028142 4373824.11369656
-2100142.41657797 4373824.11369656
-2100142.41657797 4376823.60740001
