-2070800.95827911 4250469.78962415
-2067803.531895 4250469.78962415
-2076795.81104731 4253467.21600825
-2073798.38466321 4253467.21600825
-2070800.95827911 4253467.21600825
-2067803.531895 4253467.21600825
-2064806.1055109 4253467.21600825
-2061808.6791268 4253467.21600825
-2058811.2527427 4253467.21600825
-2055813.8263586 4253467.21600825
-2052816.3999745 4253467.21600825
-2049818.9735904 4253467.21600825
-2076795.81104731 4256464.64239235
-2073798.38466321 4256464.64239235
-2070800.95827911 4256464.64239235
-2067803.531895 4256464.64239235
-2064806.1055109 4256464.64239235
-2061808.6791268 4256464.64239235
-2058811.2527427 4256464.64239235
-2055813.8263586 4256464.64239235
-2052816.3999745 4256464.64239235
-2049818.9735904 4256464.64239235
-2046821.5472063 4256464.64239235
-2043824.12082219 4256464.64239235
-2040826.69443809 4256464.64239235
-2037829.26805399 4256464.64239235
-2079793.23743141 4259462.06877645
-2076795.81104731 4259462.06877645
-2073798.38466321 4259462.06877645
-2070800.95827911 4259462.06877645
-2067803.531895 4259462.06877645
-2064806.1055109 4259462.06877645
-2061808.6791268 4259462.06877645
-2058811.2527427 4259462.06877645
-2055813.8263586 4259462.06877645
-2052816.3999745 4259462.06877645
-2049818.9735904 4259462.06877645
-2046821.5472063 4259462.06877645
-2043824.12082219 4259462.06877645
-2040826.69443809 4259462.06877645
-2037829.26805399 4259462.06877645
-2034831.84166989 4259462.06877645
-2031834.41528579 4259462.06877645
-2028836.98890169 4259462.06877645
-2025839.56251759 4259462.06877645
-2079793.23743141 4262459.49516055
-2076795.81104731 4262459.49516055
-2073798.38466321 4262459.49516055
-2070800.95827911 4262459.49516055
-2067803.531895 4262459.49516055
-2064806.1055109 4262459.49516055
-2061808.6791268 4262459.49516055
-2058811.2527427 4262459.49516055
-2055813.8263586 4262459.49516055
-2052816.3999745 4262459.49516055
-2049818.9735904 4262459.49516055
-2046821.5472063 4262459.49516055
-2043824.12082219 4262459.49516055
-2040826.69443809 4262459.49516055
-2037829.26805399 4262459.49516055
-2034831.84166989 4262459.49516055
-2031834.41528579 4262459.49516055
-2028836.98890169 4262459.49516055
-2025839.56251759 4262459.49516055
-2022842.13613349 4262459.49516055
-2019844.70974939 4262459.49516055
-2079793.23743141 4265456.92154465
-2076795.81104731 4265456.92154465
-2073798.38466321 4265456.92154465
-2070800.95827911 4265456.92154465
-2067803.531895 4265456.92154465
-2064806.1055109 4265456.92154465
-2061808.6791268 4265456.92154465
-2058811.2527427 4265456.92154465
-2055813.8263586 4265456.92154465
-2052816.3999745 4265456.92154465
-2049818.9735904 4265456.92154465
-2046821.5472063 4265456.92154465
-2043824.12082219 4265456.92154465
-2040826.69443809 4265456.92154465
-2037829.26805399 4265456.92154465
-2034831.84166989 4265456.92154465
-2031834.41528579 4265456.92154465
-2028836.98890169 4265456.92154465
-2025839.56251759 4265456.92154465
-2022842.13613349 4265456.92154465
-2019844.70974939 4265456.92154465
-2016847.28336528 4265456.92154465
-2013849.85698118 4265456.92154465
-2079793.23743141 4268454.34792875
-2076795.81104731 4268454.34792875
-2073798.38466321 4268454.34792875
-2070800.95827911 4268454.34792875
-2067803.531895 4268454.34792875
-2064806.1055109 4268454.34792875
-2061808.6791268 4268454.34792875
-2058811.2527427 4268454.34792875
-2055813.8263586 4268454.34792875
-2052816.3999745 4268454.34792875
-2049818.9735904 4268454.34792875
-2046821.5472063 4268454.34792875
-2043824.12082219 4268454.34792875
-2040826.69443809 4268454.34792875
-2037829.26805399 4268454.34792875
-2034831.84166989 4268454.34792875
-2031834.41528579 4268454.34792875
-2028836.98890169 4268454.34792875
-2025839.56251759 4268454.34792875
-2022842.13613349 4268454.34792875
-2019844.70974939 4268454.34792875
-2016847.28336528 4268454.34792875
-2013849.85698118 4268454.34792875
-2010852.43059708 4268454.34792875
-2007855.00421298 4268454.34792875
-2079793.23743141 4271451.77431285
-2076795.81104731 4271451.77431285
-2073798.38466321 4271451.77431285
-2070800.95827911 4271451.77431285
-2067803.531895 4271451.77431285
-2064806.1055109 4271451.77431285
-2061808.6791268 4271451.77431285
-2058811.2527427 4271451.77431285
-2055813.8263586 4271451.77431285
-2052816.3999745 4271451.77431285
-2049818.9735904 4271451.77431285
-2046821.5472063 4271451.77431285
-2043824.12082219 4271451.77431285
-2040826.69443809 4271451.77431285
-2037829.26805399 4271451.77431285
-2034831.84166989 4271451.77431285
-2031834.41528579 4271451.77431285
-2028836.98890169 4271451.77431285
-2025839.56251759 4271451.77431285
-2022842.13613349 4271451.77431285
-2019844.70974939 4271451.77431285
-2016847.28336528 4271451.77431285
-2013849.85698118 4271451.77431285
-2010852.43059708 4271451.77431285
-2007855.00421298 4271451.77431285
-2004857.57782888 4271451.77431285
-2001860.15144478 4271451.77431285
-2079793.23743141 4274449.20069695
-2076795.81104731 4274449.20069695
-2073798.38466321 4274449.20069695
-2070800.95827911 4274449.20069695
-2067803.531895 4274449.20069695
-2064806.1055109 4274449.20069695
-2061808.6791268 4274449.20069695
-2058811.2527427 4274449.20069695
-2055813.8263586 4274449.20069695
-2052816.3999745 4274449.20069695
-2049818.9735904 4274449.20069695
-2046821.5472063 4274449.20069695
-2043824.12082219 4274449.20069695
-2040826.69443809 4274449.20069695
-2037829.26805399 4274449.20069695
-2034831.84166989 4274449.20069695
-2031834.41528579 4274449.20069695
-2028836.98890169 4274449.20069695
-2025839.56251759 4274449.20069695
-2022842.13613349 4274449.20069695
-2019844.70974939 4274449.20069695
-2016847.28336528 4274449.20069695
-2013849.85698118 4274449.20069695
-2010852.43059708 4274449.20069695
-2007855.00421298 4274449.20069695
-2004857.57782888 4274449.20069695
-2001860.15144478 4274449.20069695
-1998862.72506068 4274449.20069695
-1995865.29867658 4274449.20069695
-2073798.38466321 4277446.62708106
-2070800.95827911 4277446.62708106
-2067803.531895 4277446.62708106
-2064806.1055109 4277446.62708106
-2061808.6791268 4277446.62708106
-2058811.2527427 4277446.62708106
-2055813.8263586 4277446.62708106
-2052816.3999745 4277446.62708106
-2049818.9735904 4277446.62708106
-2046821.5472063 4277446.62708106
-2043824.12082219 4277446.62708106
-2040826.69443809 4277446.62708106
-2037829.26805399 4277446.62708106
-2034831.84166989 4277446.62708106
-2031834.41528579 4277446.62708106
-2028836.98890169 4277446.62708106
-2025839.56251759 4277446.62708106
-2022842.13613349 4277446.62708106
-2019844.70974939 4277446.62708106
-2016847.28336528 4277446.62708106
-2013849.85698118 4277446.62708106
-2010852.43059708 4277446.62708106
-2007855.00421298 4277446.62708106
-2004857.57782888 4277446.62708106
-2001860.15144478 4277446.62708106
-1998862.72506068 4277446.62708106
-1995865.29867658 4277446.62708106
-1992867.87229247 4277446.62708106
-2067803.531895 4280444.05346516
-2064806.1055109 4280444.05346516
-2061808.6791268 4280444.05346516
-2058811.2527427 4280444.05346516
-2055813.8263586 4280444.05346516
-2052816.3999745 4280444.05346516
-2049818.9735904 4280444.05346516
-2046821.5472063 4280444.05346516
-2043824.12082219 4280444.05346516
-2040826.69443809 4280444.05346516
-2037829.26805399 4280444.05346516
-2034831.84166989 4280444.05346516
-2031834.41528579 4280444.05346516
-2028836.98890169 4280444.05346516
-2025839.56251759 4280444.05346516
-2022842.13613349 4280444.05346516
-2019844.70974939 4280444.05346516
-2016847.28336528 4280444.05346516
-2013849.85698118 4280444.05346516
-2010852.43059708 4280444.05346516
-2007855.00421298 4280444.05346516
-2004857.57782888 4280444.05346516
-2001860.15144478 4280444.05346516
-1998862.72506068 4280444.05346516
-1995865.29867658 4280444.05346516
-1992867.87229247 4280444.05346516
-2058811.2527427 4283441.47984926
-2055813.8263586 4283441.47984926
-2052816.3999745 4283441.47984926
-2049818.9735904 4283441.47984926
-2046821.5472063 4283441.47984926
-2043824.12082219 4283441.47984926
-2040826.69443809 4283441.47984926
-2037829.26805399 4283441.47984926
-2034831.84166989 4283441.47984926
-2031834.41528579 4283441.47984926
-2028836.98890169 4283441.47984926
-2025839.56251759 4283441.47984926
-2022842.13613349 4283441.47984926
-2019844.70974939 4283441.47984926
-2016847.28336528 4283441.47984926
-2013849.85698118 4283441.47984926
-2010852.43059708 4283441.47984926
-2007855.00421298 4283441.47984926
-2004857.57782888 4283441.47984926
-2001860.15144478 4283441.47984926
-1998862.72506068 4283441.47984926
-1995865.29867658 4283441.47984926
-1992867.87229247 4283441.47984926
-2049818.9735904 4286438.90623336
-2046821.5472063 4286438.90623336
-2043824.12082219 4286438.90623336
-2040826.69443809 4286438.90623336
-2037829.26805399 4286438.90623336
-2034831.84166989 4286438.90623336
-2031834.41528579 4286438.90623336
-2028836.98890169 4286438.90623336
-2025839.56251759 4286438.90623336
-2022842.13613349 4286438.90623336
-2019844.70974939 4286438.90623336
-2016847.28336528 4286438.90623336
-2013849.85698118 4286438.90623336
-2010852.43059708 4286438.90623336
-2007855.00421298 4286438.90623336
-2004857.57782888 4286438.90623336
-2001860.15144478 4286438.90623336
-1998862.72506068 4286438.90623336
-1995865.29867658 4286438.90623336
-1992867.87229247 4286438.90623336
-2040826.69443809 4289436.33261746
-2037829.26805399 4289436.33261746
-2034831.84166989 4289436.33261746
-2031834.41528579 4289436.33261746
-2028836.98890169 4289436.33261746
-2025839.56251759 4289436.33261746
-2022842.13613349 4289436.33261746
-2019844.70974939 4289436.33261746
-2016847.28336528 4289436.33261746
-2013849.85698118 4289436.33261746
-2010852.43059708 4289436.33261746
-2007855.00421298 4289436.33261746
-2004857.57782888 4289436.33261746
-2001860.15144478 4289436.33261746
-1998862.72506068 4289436.33261746
-1995865.29867658 4289436.33261746
-2031834.41528579 4292433.75900156
-2028836.98890169 4292433.75900156
-2025839.56251759 4292433.75900156
-2022842.13613349 4292433.75900156
-2019844.70974939 4292433.75900156
-2016847.28336528 4292433.75900156
-2013849.85698118 4292433.75900156
-2010852.43059708 4292433.75900156
-2007855.00421298 4292433.75900156
-2004857.57782888 4292433.75900156
-2001860.15144478 4292433.75900156
-1998862.72506068 4292433.75900156
-1995865.29867658 4292433.75900156
-2022842.13613349 4295431.18538566
-2019844.70974939 4295431.18538566
-2016847.28336528 4295431.18538566
-2013849.85698118 4295431.18538566
-2010852.43059708 4295431.18538566
-2007855.00421298 4295431.18538566
-2004857.57782888 4295431.18538566
-2001860.15144478 4295431.18538566
-1998862.72506068 4295431.18538566
-2016847.28336528 4298428.61176976
-2013849.85698118 4298428.61176976
-2010852.43059708 4298428.61176976
-2007855.00421298 4298428.61176976
-2004857.57782888 4298428.61176976
-2001860.15144478 4298428.61176976
-2013849.85698118 4301426.03815387
-2010852.43059708 4301426.03815387
-2007855.00421298 4301426.03815387
-2004857.57782888 4301426.03815387
-2010852.43059708 4304423.46453797
-2007855.00421298 4304423.46453797
-2010852.43059708 4307420.89092207
