-1921119.33451994 3553285.53213392
-1921119.33451994 3556247.23966018
-1918157.62699368 3556247.23966018
-1921119.33451994 3559208.94718643
-1918157.62699368 3559208.94718643
-1915195.91946742 3559208.94718643
-1912234.21194117 3559208.94718643
-1918157.62699368 3562170.65471269
-1915195.91946742 3562170.65471269
-1912234.21194117 3562170.65471269
-1909272.50441491 3562170.65471269
-2022542.43039713 3422498.76378687
-2028476.19659401 3428432.52998374
-2028476.19659401 3431399.41308218
-2025509.31349557 3431399.41308218
-2028476.19659401 3434366.29618062
-2028476.19659401 3437333.17927905
-2013641.78110182 3478869.54265718
-2013641.78110182 3481836.42575562
-2010674.89800338 3484803.30885405
-2010674.89800338 3487770.19195249
-2004741.13180651 3496670.8412478
-2001774.24870807 3499637.72434624
-1998807.36560963 3505571.49054312
-1995840.4825112 3508538.37364155
-1992873.59941276 3511505.25673999
-1986939.83321588 3520405.90603531
-1983972.95011745 3523372.78913374
-1981006.06701901 3526339.67223218
-1975072.30082213 3535240.32152749
-1972105.4177237 3538207.20462593
-1966171.65152682 3541174.08772437
-1963204.76842838 3544140.9708228
-1960237.88532995 3547107.85392124
-1957271.00223151 3550074.73701968
-1954304.11913307 3553041.62011812
-1950568.57971959 3871546.93260224
-1953540.52057008 3874518.87345274
-1950568.57971959 3874518.87345274
-1953540.52057008 3877490.81430323
-1955541.58001311 3855696.77612994
-1952587.20113081 3855696.77612994
-1949632.82224851 3855696.77612994
-1952587.20113081 3858651.15501224
-1949632.82224851 3858651.15501224
-1946678.44336622 3867514.29165913
-1949632.82224851 3870468.67054143
-1952587.20113081 3873423.04942373
-1949632.82224851 3873423.04942373
-1955541.58001311 3876377.42830603
-1952587.20113081 3876377.42830603
-1958495.95889541 3879331.80718832
-1955541.58001311 3879331.80718832
-1952587.20113081 3879331.80718832
-1970079.56306885 3851972.02086086
-1967111.79310138 3851972.02086086
-1964144.02313392 3851972.02086086
-1961176.25316645 3851972.02086086
-1958208.48319899 3851972.02086086
-1955240.71323152 3851972.02086086
-1970079.56306885 3854939.79082833
-1967111.79310138 3854939.79082833
-1964144.02313392 3854939.79082833
-1961176.25316645 3854939.79082833
-1958208.48319899 3854939.79082833
-1955240.71323152 3854939.79082833
-1952272.94326406 3854939.79082833
-1970079.56306885 3857907.56079579
-1967111.79310138 3857907.56079579
-1964144.02313392 3857907.56079579
-1961176.25316645 3857907.56079579
-1958208.48319899 3857907.56079579
-1955240.71323152 3857907.56079579
-1952272.94326406 3857907.56079579
-1949305.17329659 3857907.56079579
-1967111.79310138 3860875.33076326
-1964144.02313392 3860875.33076326
-1961176.25316645 3860875.33076326
-1958208.48319899 3860875.33076326
-1955240.71323152 3860875.33076326
-1952272.94326406 3860875.33076326
-1949305.17329659 3860875.33076326
-1964144.02313392 3863843.10073072
-1961176.25316645 3863843.10073072
-1958208.48319899 3863843.10073072
-1955240.71323152 3863843.10073072
-1952272.94326406 3863843.10073072
-1949305.17329659 3863843.10073072
-1946337.40332913 3863843.10073072
-1958208.48319899 3866810.87069819
-1955240.71323152 3866810.87069819
-1952272.94326406 3866810.87069819
-1949305.17329659 3866810.87069819
-1946337.40332913 3866810.87069819
-1955240.71323152 3869778.64066565
-1952272.94326406 3869778.64066565
-1949305.17329659 3869778.64066565
-1955240.71323152 3872746.41063312
-1952272.94326406 3872746.41063312
-1949305.17329659 3872746.41063312
-1958208.48319899 3875714.18060058
-1955240.71323152 3875714.18060058
-1952272.94326406 3875714.18060058
-1958208.48319899 3878681.95056805
-1955240.71323152 3878681.95056805
-1952272.94326406 3878681.95056805
-1954726.7561341 3874529.70413553
-1954726.7561341 3877155.00343564
-1954726.7561341 3879780.30273576
-1976785.79381908 3734028.17860957
-1979762.80976293 3737005.19455342
-1976785.79381908 3737005.19455342
-1979762.80976293 3739982.21049726
-1976785.79381908 3739982.21049726
-1979762.80976293 3742959.22644111
-1982739.82570678 3745936.24238496
-1979762.80976293 3745936.24238496
-1982739.82570678 3748913.2583288
-1979762.80976293 3748913.2583288
-1979762.80976293 3751890.27427265
-1979762.80976293 3754867.2902165
-1976785.79381908 3754867.2902165
-1973808.77787524 3754867.2902165
-1970831.76193139 3754867.2902165
-1976785.79381908 3757844.30616034
-1973808.77787524 3757844.30616034
-1970831.76193139 3757844.30616034
-1967854.74598754 3757844.30616034
-1973808.77787524 3760821.32210419
-1970831.76193139 3760821.32210419
-1967854.74598754 3760821.32210419
-1973808.77787524 3763798.33804804
-1970831.76193139 3763798.33804804
-1967854.74598754 3763798.33804804
-1970831.76193139 3766775.35399188
-1967854.74598754 3766775.35399188
-1964877.7300437 3766775.35399188
-1967854.74598754 3769752.36993573
-1964877.7300437 3769752.36993573
-1967854.74598754 3772729.38587958
-1964877.7300437 3772729.38587958
-1986864.92355674 3566540.29475417
-1986864.92355674 3569388.63553802
-1984016.5827729 3569388.63553802
-1981168.24198905 3569388.63553802
-1978319.9012052 3569388.63553802
-1984016.5827729 3572236.97632186
-1981168.24198905 3572236.97632186
-1978319.9012052 3572236.97632186
-1975471.56042136 3572236.97632186
-1972623.21963751 3572236.97632186
-1981168.24198905 3575085.31710571
-1978319.9012052 3575085.31710571
-1978094.52708983 3731015.36818082
-1975096.58001896 3731015.36818082
-1978094.52708983 3734013.31525169
-1975096.58001896 3734013.31525169
-1972098.63294809 3734013.31525169
-1978094.52708983 3737011.26232256
-1975096.58001896 3737011.26232256
-1981092.4741607 3740009.20939342
-1978094.52708983 3740009.20939342
-1975096.58001896 3740009.20939342
-1981092.4741607 3743007.15646429
-1978094.52708983 3743007.15646429
-1975096.58001896 3743007.15646429
-1981092.4741607 3746005.10353516
-1978094.52708983 3746005.10353516
-1981092.4741607 3749003.05060603
-1978094.52708983 3749003.05060603
-1981092.4741607 3752000.9976769
-1978094.52708983 3752000.9976769
-1975096.58001896 3752000.9976769
-1972098.63294809 3752000.9976769
-1981092.4741607 3754998.94474777
-1978094.52708983 3754998.94474777
-1975096.58001896 3754998.94474777
-1972098.63294809 3754998.94474777
-1969100.68587723 3754998.94474777
-1978094.52708983 3757996.89181864
-1975096.58001896 3757996.89181864
-1972098.63294809 3757996.89181864
-1969100.68587723 3757996.89181864
-1975096.58001896 3760994.83888951
-1972098.63294809 3760994.83888951
-1969100.68587723 3760994.83888951
-1966102.73880636 3760994.83888951
-1972098.63294809 3763992.78596037
-1969100.68587723 3763992.78596037
-1966102.73880636 3763992.78596037
-1969100.68587723 3766990.73303124
-1966102.73880636 3766990.73303124
-1963104.79173549 3766990.73303124
-1969100.68587723 3769988.68010211
-1966102.73880636 3769988.68010211
-1963104.79173549 3769988.68010211
-1966102.73880636 3772986.62717298
-1963104.79173549 3772986.62717298
-1913844.70370682 3684083.55229182
-1913844.70370682 3687077.05711462
-1913844.70370682 3690070.56193742
-1913844.70370682 3693064.06676021
-1910851.19888402 3693064.06676021
-1913844.70370682 3696057.57158301
-1910851.19888402 3696057.57158301
-1910851.19888402 3699051.07640581
-1907857.69406123 3699051.07640581
-1907857.69406123 3702044.5812286
-1907857.69406123 3705038.0860514
-1904864.18923843 3708031.5908742
-1904864.18923843 3711025.09569699
-1898877.17959284 3720005.61016539
-1886903.16030165 3761914.67768454
-1886903.16030165 3764908.18250734
-1886903.16030165 3767901.68733014
-1886903.16030165 3770895.19215293
-1883909.65547885 3770895.19215293
-1886903.16030165 3773888.69697573
-1883909.65547885 3773888.69697573
-1886903.16030165 3776882.20179853
-1883909.65547885 3776882.20179853
-1886903.16030165 3779875.70662132
-1883909.65547885 3779875.70662132
-1886903.16030165 3782869.21144412
-1883909.65547885 3782869.21144412
-1886903.16030165 3785862.71626692
-1883909.65547885 3785862.71626692
-1886903.16030165 3788856.22108972
-1883909.65547885 3788856.22108972
-1886903.16030165 3791849.72591251
-1883909.65547885 3791849.72591251
-1886903.16030165 3794843.23073531
-1883909.65547885 3794843.23073531
-1889896.66512444 3797836.73555811
-1886903.16030165 3797836.73555811
-1883909.65547885 3797836.73555811
-1889896.66512444 3800830.2403809
-1886903.16030165 3800830.2403809
-1883909.65547885 3800830.2403809
-1889896.66512444 3803823.7452037
-1886903.16030165 3803823.7452037
-1883909.65547885 3803823.7452037
-1886903.16030165 3806817.2500265
-1883909.65547885 3806817.2500265
-1886903.16030165 3809810.75484929
-1883909.65547885 3809810.75484929
-1886903.16030165 3812804.25967209
-1883909.65547885 3812804.25967209
-1886903.16030165 3815797.76449489
-1883909.65547885 3815797.76449489
-1880916.15065605 3815797.76449489
-1886903.16030165 3818791.26931769
-1883909.65547885 3818791.26931769
-1880916.15065605 3818791.26931769
-1883909.65547885 3821784.77414048
-1881413.68125191 3649871.86626703
-1878532.8342361 3649871.86626703
-1887175.37528351 3652752.71328283
-1884294.52826771 3652752.71328283
-1881413.68125191 3652752.71328283
-1878532.8342361 3652752.71328283
-1875651.9872203 3652752.71328283
-1830777.89002948 4185973.77162701
-1833475.46269525 4188671.34429278
-1836173.03536102 4191368.91695855
-2156254.82317968 3366073.39601379
-2153321.41887592 3366073.39601379
-2159188.22748345 3369006.80031755
-2156254.82317968 3369006.80031755
-2153321.41887592 3369006.80031755
-2156254.82317968 3371940.20462132
-2153321.41887592 3371940.20462132
-1983183.96925741 3738615.74259224
-1983183.96925741 3741549.14689601
-1956783.3305235 3876485.74486931
-1956783.3305235 3879419.14917308
-1959716.73482727 3882352.55347685
-1956783.3305235 3882352.55347685
-1953849.92621973 3882352.55347685
-1956783.3305235 3885285.95778061
-1953849.92621973 3885285.95778061
-1953849.92621973 3888219.36208438
-1953849.92621973 3891152.76638815
-2112472.80846075 4234510.83962656
-2109474.20470796 4234510.83962656
-2106475.60095516 4234510.83962656
-2103476.99720237 4234510.83962656
-2100478.39344957 4234510.83962656
-2121468.61971913 4237509.44337935
-2118470.01596634 4237509.44337935
-2115471.41221354 4237509.44337935
-2112472.80846075 4237509.44337935
-2109474.20470796 4237509.44337935
-2106475.60095516 4237509.44337935
-2103476.99720237 4237509.44337935
-2100478.39344957 4237509.44337935
-2097479.78969678 4237509.44337935
-2094481.18594399 4237509.44337935
-2091482.58219119 4237509.44337935
-2124467.22347192 4240508.04713214
-2121468.61971913 4240508.04713214
-2118470.01596634 4240508.04713214
-2115471.41221354 4240508.04713214
-2112472.80846075 4240508.04713214
-2109474.20470796 4240508.04713214
-2106475.60095516 4240508.04713214
-2103476.99720237 4240508.04713214
-2100478.39344957 4240508.04713214
-2097479.78969678 4240508.04713214
-2094481.18594399 4240508.04713214
-2091482.58219119 4240508.04713214
-2088483.9784384 4240508.04713214
-2085485.37468561 4240508.04713214
-2127465.82722472 4243506.65088494
-2124467.22347192 4243506.65088494
-2121468.61971913 4243506.65088494
-2118470.01596634 4243506.65088494
-2115471.41221354 4243506.65088494
-2112472.80846075 4243506.65088494
-2109474.20470796 4243506.65088494
-2106475.60095516 4243506.65088494
-2103476.99720237 4243506.65088494
-2100478.39344957 4243506.65088494
-2097479.78969678 4243506.65088494
-2094481.18594399 4243506.65088494
-2091482.58219119 4243506.65088494
-2088483.9784384 4243506.65088494
-2085485.37468561 4243506.65088494
-2082486.77093281 4243506.65088494
-2130464.43097751 4246505.25463773
-2127465.82722472 4246505.25463773
-2124467.22347192 4246505.25463773
-2121468.61971913 4246505.25463773
-2118470.01596634 4246505.25463773
-2115471.41221354 4246505.25463773
-2112472.80846075 4246505.25463773
-2109474.20470796 4246505.25463773
-2106475.60095516 4246505.25463773
-2103476.99720237 4246505.25463773
-2100478.39344957 4246505.25463773
-2097479.78969678 4246505.25463773
-2094481.18594399 4246505.25463773
-2091482.58219119 4246505.25463773
-2088483.9784384 4246505.25463773
-2085485.37468561 4246505.25463773
-2082486.77093281 4246505.25463773
-2079488.16718002 4246505.25463773
-2130464.43097751 4249503.85839053
-2127465.82722472 4249503.85839053
-2124467.22347192 4249503.85839053
-2121468.61971913 4249503.85839053
-2118470.01596634 4249503.85839053
-2115471.41221354 4249503.85839053
-2106475.60095516 4249503.85839053
-2103476.99720237 4249503.85839053
-2100478.39344957 4249503.85839053
-2097479.78969678 4249503.85839053
-2094481.18594399 4249503.85839053
-2091482.58219119 4249503.85839053
-2088483.9784384 4249503.85839053
-2085485.37468561 4249503.85839053
-2082486.77093281 4249503.85839053
-2079488.16718002 4249503.85839053
-2133463.03473031 4252502.46214332
-2130464.43097751 4252502.46214332
-2127465.82722472 4252502.46214332
-2124467.22347192 4252502.46214332
-2121468.61971913 4252502.46214332
-2118470.01596634 4252502.46214332
-2106475.60095516 4252502.46214332
-2103476.99720237 4252502.46214332
-2100478.39344957 4252502.46214332
-2097479.78969678 4252502.46214332
-2094481.18594399 4252502.46214332
-2091482.58219119 4252502.46214332
-2088483.9784384 4252502.46214332
-2085485.37468561 4252502.46214332
-2082486.77093281 4252502.46214332
-2079488.16718002 4252502.46214332
-2076489.56342722 4252502.46214332
-2136461.6384831 4255501.06589611
-2133463.03473031 4255501.06589611
-2130464.43097751 4255501.06589611
-2127465.82722472 4255501.06589611
-2124467.22347192 4255501.06589611
-2121468.61971913 4255501.06589611
-2118470.01596634 4255501.06589611
-2103476.99720237 4255501.06589611
-2100478.39344957 4255501.06589611
-2097479.78969678 4255501.06589611
-2094481.18594399 4255501.06589611
-2091482.58219119 4255501.06589611
-2088483.9784384 4255501.06589611
-2085485.37468561 4255501.06589611
-2082486.77093281 4255501.06589611
-2079488.16718002 4255501.06589611
-2076489.56342722 4255501.06589611
-2073490.95967443 4255501.06589611
-2136461.6384831 4258499.66964891
-2133463.03473031 4258499.66964891
-2130464.43097751 4258499.66964891
-2127465.82722472 4258499.66964891
-2124467.22347192 4258499.66964891
-2121468.61971913 4258499.66964891
-2100478.39344957 4258499.66964891
-2097479.78969678 4258499.66964891
-2094481.18594399 4258499.66964891
-2091482.58219119 4258499.66964891
-2088483.9784384 4258499.66964891
-2085485.37468561 4258499.66964891
-2082486.77093281 4258499.66964891
-2079488.16718002 4258499.66964891
-2076489.56342722 4258499.66964891
-2073490.95967443 4258499.66964891
-2070492.35592164 4258499.66964891
-2133463.03473031 4261498.2734017
-2130464.43097751 4261498.2734017
-2127465.82722472 4261498.2734017
-2124467.22347192 4261498.2734017
-2121468.61971913 4261498.2734017
-2100478.39344957 4261498.2734017
-2097479.78969678 4261498.2734017
-2094481.18594399 4261498.2734017
-2091482.58219119 4261498.2734017
-2088483.9784384 4261498.2734017
-2085485.37468561 4261498.2734017
-2082486.77093281 4261498.2734017
-2079488.16718002 4261498.2734017
-2076489.56342722 4261498.2734017
-2073490.95967443 4261498.2734017
-2070492.35592164 4261498.2734017
-2133463.03473031 4264496.87715449
-2130464.43097751 4264496.87715449
-2127465.82722472 4264496.87715449
-2124467.22347192 4264496.87715449
-2100478.39344957 4264496.87715449
-2097479.78969678 4264496.87715449
-2094481.18594399 4264496.87715449
-2091482.58219119 4264496.87715449
-2088483.9784384 4264496.87715449
-2085485.37468561 4264496.87715449
-2082486.77093281 4264496.87715449
-2079488.16718002 4264496.87715449
-2076489.56342722 4264496.87715449
-2073490.95967443 4264496.87715449
-2070492.35592164 4264496.87715449
-2067493.75216884 4264496.87715449
-2133463.03473031 4267495.48090729
-2130464.43097751 4267495.48090729
-2127465.82722472 4267495.48090729
-2097479.78969678 4267495.48090729
-2094481.18594399 4267495.48090729
-2091482.58219119 4267495.48090729
-2088483.9784384 4267495.48090729
-2085485.37468561 4267495.48090729
-2082486.77093281 4267495.48090729
-2079488.16718002 4267495.48090729
-2076489.56342722 4267495.48090729
-2073490.95967443 4267495.48090729
-2070492.35592164 4267495.48090729
-2067493.75216884 4267495.48090729
-2094481.18594399 4270494.08466008
-2091482.58219119 4270494.08466008
-2088483.9784384 4270494.08466008
-2085485.37468561 4270494.08466008
-2082486.77093281 4270494.08466008
-2079488.16718002 4270494.08466008
-2076489.56342722 4270494.08466008
-2073490.95967443 4270494.08466008
-2070492.35592164 4270494.08466008
-2067493.75216884 4270494.08466008
-2064495.14841605 4270494.08466008
-2091482.58219119 4273492.68841288
-2088483.9784384 4273492.68841288
-2085485.37468561 4273492.68841288
-2082486.77093281 4273492.68841288
-2079488.16718002 4273492.68841288
-2076489.56342722 4273492.68841288
-2073490.95967443 4273492.68841288
-2070492.35592164 4273492.68841288
-2067493.75216884 4273492.68841288
-2064495.14841605 4273492.68841288
-2082486.77093281 4276491.29216567
-2079488.16718002 4276491.29216567
-2076489.56342722 4276491.29216567
-2073490.95967443 4276491.29216567
-2070492.35592164 4276491.29216567
-2067493.75216884 4276491.29216567
-2064495.14841605 4276491.29216567
-2061496.54466326 4276491.29216567
-2085485.37468561 4279489.89591846
-2082486.77093281 4279489.89591846
-2079488.16718002 4279489.89591846
-2076489.56342722 4279489.89591846
-2073490.95967443 4279489.89591846
-2070492.35592164 4279489.89591846
-2067493.75216884 4279489.89591846
-2064495.14841605 4279489.89591846
-2061496.54466326 4279489.89591846
-2088483.9784384 4282488.49967126
-2085485.37468561 4282488.49967126
-2082486.77093281 4282488.49967126
-2079488.16718002 4282488.49967126
-2076489.56342722 4282488.49967126
-2073490.95967443 4282488.49967126
-2070492.35592164 4282488.49967126
-2067493.75216884 4282488.49967126
-2064495.14841605 4282488.49967126
-2061496.54466326 4282488.49967126
-2058497.94091046 4282488.49967126
-2088483.9784384 4285487.10342405
-2085485.37468561 4285487.10342405
-2082486.77093281 4285487.10342405
-2079488.16718002 4285487.10342405
-2076489.56342722 4285487.10342405
-2073490.95967443 4285487.10342405
-2070492.35592164 4285487.10342405
-2067493.75216884 4285487.10342405
-2064495.14841605 4285487.10342405
-2061496.54466326 4285487.10342405
-2058497.94091046 4285487.10342405
-2088483.9784384 4288485.70717684
-2085485.37468561 4288485.70717684
-2082486.77093281 4288485.70717684
-2079488.16718002 4288485.70717684
-2076489.56342722 4288485.70717684
-2073490.95967443 4288485.70717684
-2070492.35592164 4288485.70717684
-2067493.75216884 4288485.70717684
-2064495.14841605 4288485.70717684
-2061496.54466326 4288485.70717684
-2058497.94091046 4288485.70717684
-2088483.9784384 4291484.31092964
-2085485.37468561 4291484.31092964
-2082486.77093281 4291484.31092964
-2079488.16718002 4291484.31092964
-2076489.56342722 4291484.31092964
-2073490.95967443 4291484.31092964
-2070492.35592164 4291484.31092964
-2067493.75216884 4291484.31092964
-2064495.14841605 4291484.31092964
-2061496.54466326 4291484.31092964
-2085485.37468561 4294482.91468243
-2082486.77093281 4294482.91468243
-2079488.16718002 4294482.91468243
-2076489.56342722 4294482.91468243
-2073490.95967443 4294482.91468243
-2070492.35592164 4294482.91468243
-2067493.75216884 4294482.91468243
-2064495.14841605 4294482.91468243
-2625234.05018848 4297481.51843523
-2622235.44643569 4297481.51843523
-2619236.8426829 4297481.51843523
-2616238.2389301 4297481.51843523
-2613239.63517731 4297481.51843523
-2610241.03142451 4297481.51843523
-2073490.95967443 4297481.51843523
-2070492.35592164 4297481.51843523
-2067493.75216884 4297481.51843523
-2064495.14841605 4297481.51843523
-2085485.37468561 4303478.72594081
-2082486.77093281 4303478.72594081
-2091482.58219119 4306477.32969361
-2088483.9784384 4306477.32969361
-2085485.37468561 4306477.32969361
-2082486.77093281 4306477.32969361
-2079488.16718002 4306477.32969361
-2091482.58219119 4309475.9334464
-2088483.9784384 4309475.9334464
-2085485.37468561 4309475.9334464
-2082486.77093281 4309475.9334464
-2079488.16718002 4309475.9334464
-2076489.56342722 4309475.9334464
-2091482.58219119 4312474.5371992
-2088483.9784384 4312474.5371992
-2085485.37468561 4312474.5371992
-2082486.77093281 4312474.5371992
-2079488.16718002 4312474.5371992
-2076489.56342722 4312474.5371992
-2091482.58219119 4315473.14095199
-2088483.9784384 4315473.14095199
-2085485.37468561 4315473.14095199
-2082486.77093281 4315473.14095199
-2079488.16718002 4315473.14095199
-2076489.56342722 4315473.14095199
-2091482.58219119 4318471.74470478
-2088483.9784384 4318471.74470478
-2085485.37468561 4318471.74470478
-2082486.77093281 4318471.74470478
-2079488.16718002 4318471.74470478
-2085485.37468561 4321470.34845758
-2082486.77093281 4321470.34845758
-1974467.21968845 3733553.47895634
-1974467.21968845 3734741.44667424
-1851493.51985176 4150943.81384755
-1848506.68025952 4150943.81384755
-1851493.51985176 4153930.65343979
-1848506.68025952 4153930.65343979
-1845519.84066728 4153930.65343979
-1848506.68025952 4156917.49303203
-1845519.84066728 4156917.49303203
-1842533.00107504 4156917.49303203
-1839546.1614828 4156917.49303203
-1842533.00107504 4159904.33262426
-1839546.1614828 4159904.33262426
-1836559.32189056 4159904.33262426
-1833572.48229832 4159904.33262426
-1839546.1614828 4162891.1722165
-1836559.32189056 4162891.1722165
-1833572.48229832 4162891.1722165
-1830585.64270608 4162891.1722165
-1836559.32189056 4165878.01180874
-1833572.48229832 4165878.01180874
-1830585.64270608 4165878.01180874
-1827598.80311384 4165878.01180874
-1830585.64270608 4168864.85140098
-1929964.15923822 3943734.05476295
-1926964.59572386 3943734.05476295
-1929964.15923822 3946733.61827731
-1926964.59572386 3946733.61827731
-1923965.03220949 3946733.61827731
-1929964.15923822 3949733.18179168
-1926964.59572386 3949733.18179168
-1923965.03220949 3949733.18179168
-1929964.15923822 3952732.74530604
-1926964.59572386 3952732.74530604
-1923965.03220949 3952732.74530604
-1926964.59572386 3955732.30882041
-1923965.03220949 3955732.30882041
-1920965.46869512 3955732.30882041
-1923965.03220949 3958731.87233478
-1920965.46869512 3958731.87233478
-1920965.46869512 3961731.43584914
-1935963.28626695 3964730.99936351
-1932963.72275259 3964730.99936351
-1929964.15923822 3964730.99936351
-1935963.28626695 3967730.56287788
-1932963.72275259 3967730.56287788
-1929964.15923822 3967730.56287788
-1926964.59572386 3967730.56287788
-1935963.28626695 3970730.12639224
-1932963.72275259 3970730.12639224
-1929964.15923822 3970730.12639224
-1926964.59572386 3970730.12639224
-1935963.28626695 3973729.68990661
-1932963.72275259 3973729.68990661
-1929964.15923822 3973729.68990661
-1926964.59572386 3973729.68990661
-1923965.03220949 3973729.68990661
-1935963.28626695 3976729.25342098
-1932963.72275259 3976729.25342098
-1929964.15923822 3976729.25342098
-1926964.59572386 3976729.25342098
-1923965.03220949 3976729.25342098
-1935963.28626695 3979728.81693534
-1932963.72275259 3979728.81693534
-1929964.15923822 3979728.81693534
-1926964.59572386 3979728.81693534
-1935963.28626695 3982728.38044971
-1932963.72275259 3982728.38044971
-1929964.15923822 3982728.38044971
-1926964.59572386 3982728.38044971
-1935963.28626695 3985727.94396407
-1932963.72275259 3985727.94396407
-1929964.15923822 3985727.94396407
-1926964.59572386 3985727.94396407
-1935963.28626695 3988727.50747844
-1932963.72275259 3988727.50747844
-1929964.15923822 3988727.50747844
-1935963.28626695 3991727.07099281
-1932963.72275259 3991727.07099281
-1929964.15923822 3991727.07099281
-1935963.28626695 3994726.63450717
-1932963.72275259 3994726.63450717
-1929964.15923822 3994726.63450717
-1935963.28626695 3997726.19802154
-1932963.72275259 3997726.19802154
-1929964.15923822 3997726.19802154
-1926964.59572386 3997726.19802154
-1935963.28626695 4000725.76153591
-1932963.72275259 4000725.76153591
-1929964.15923822 4000725.76153591
-1926964.59572386 4000725.76153591
-1923965.03220949 4000725.76153591
-1935963.28626695 4003725.32505027
-1932963.72275259 4003725.32505027
-1929964.15923822 4003725.32505027
-1926964.59572386 4003725.32505027
-1923965.03220949 4003725.32505027
-1920965.46869512 4003725.32505027
-1917965.90518076 4003725.32505027
-1932963.72275259 4006724.88856464
-1929964.15923822 4006724.88856464
-1926964.59572386 4006724.88856464
-1923965.03220949 4006724.88856464
-1920965.46869512 4006724.88856464
-1917965.90518076 4006724.88856464
-1914966.34166639 4006724.88856464
-1929964.15923822 4009724.45207901
-1926964.59572386 4009724.45207901
-1923965.03220949 4009724.45207901
-1920965.46869512 4009724.45207901
-1917965.90518076 4009724.45207901
-1914966.34166639 4009724.45207901
-1911966.77815202 4009724.45207901
-1908967.21463766 4009724.45207901
-1926964.59572386 4012724.01559337
-1923965.03220949 4012724.01559337
-1920965.46869512 4012724.01559337
-1917965.90518076 4012724.01559337
-1914966.34166639 4012724.01559337
-1911966.77815202 4012724.01559337
-1908967.21463766 4012724.01559337
-1905967.65112329 4012724.01559337
-1902968.08760892 4012724.01559337
-1923965.03220949 4015723.57910774
-1920965.46869512 4015723.57910774
-1917965.90518076 4015723.57910774
-1914966.34166639 4015723.57910774
-1911966.77815202 4015723.57910774
-1908967.21463766 4015723.57910774
-1905967.65112329 4015723.57910774
-1902968.08760892 4015723.57910774
-1899968.52409456 4015723.57910774
-1923965.03220949 4018723.1426221
-1920965.46869512 4018723.1426221
-1917965.90518076 4018723.1426221
-1914966.34166639 4018723.1426221
-1911966.77815202 4018723.1426221
-1908967.21463766 4018723.1426221
-1905967.65112329 4018723.1426221
-1902968.08760892 4018723.1426221
-1899968.52409456 4018723.1426221
-1896968.96058019 4018723.1426221
-1893969.39706583 4018723.1426221
-1920965.46869512 4021722.70613647
-1917965.90518076 4021722.70613647
-1914966.34166639 4021722.70613647
-1911966.77815202 4021722.70613647
-1908967.21463766 4021722.70613647
-1905967.65112329 4021722.70613647
-1902968.08760892 4021722.70613647
-1899968.52409456 4021722.70613647
-1896968.96058019 4021722.70613647
-1893969.39706583 4021722.70613647
-1890969.83355146 4021722.70613647
-1917965.90518076 4024722.26965084
-1914966.34166639 4024722.26965084
-1911966.77815202 4024722.26965084
-1908967.21463766 4024722.26965084
-1905967.65112329 4024722.26965084
-1902968.08760892 4024722.26965084
-1899968.52409456 4024722.26965084
-1896968.96058019 4024722.26965084
-1893969.39706583 4024722.26965084
-1890969.83355146 4024722.26965084
-1887970.27003709 4024722.26965084
-1914966.34166639 4027721.8331652
-1911966.77815202 4027721.8331652
-1908967.21463766 4027721.8331652
-1905967.65112329 4027721.8331652
-1902968.08760892 4027721.8331652
-1899968.52409456 4027721.8331652
-1896968.96058019 4027721.8331652
-1893969.39706583 4027721.8331652
-1890969.83355146 4027721.8331652
-1911966.77815202 4030721.39667957
-1908967.21463766 4030721.39667957
-1905967.65112329 4030721.39667957
-1902968.08760892 4030721.39667957
-1899968.52409456 4030721.39667957
-1896968.96058019 4030721.39667957
-1893969.39706583 4030721.39667957
-1890969.83355146 4030721.39667957
-1911966.77815202 4033720.96019394
-1908967.21463766 4033720.96019394
-1905967.65112329 4033720.96019394
-1902968.08760892 4033720.96019394
-1899968.52409456 4033720.96019394
-1896968.96058019 4033720.96019394
-1893969.39706583 4033720.96019394
-1890969.83355146 4033720.96019394
-1914966.34166639 4036720.5237083
-1911966.77815202 4036720.5237083
-1908967.21463766 4036720.5237083
-1905967.65112329 4036720.5237083
-1902968.08760892 4036720.5237083
-1899968.52409456 4036720.5237083
-1896968.96058019 4036720.5237083
-1893969.39706583 4036720.5237083
-1890969.83355146 4036720.5237083
-1914966.34166639 4039720.08722267
-1911966.77815202 4039720.08722267
-1908967.21463766 4039720.08722267
-1905967.65112329 4039720.08722267
-1917965.90518076 4042719.65073704
-1914966.34166639 4042719.65073704
-1911966.77815202 4042719.65073704
-1908967.21463766 4042719.65073704
-1917965.90518076 4045719.2142514
-1914966.34166639 4045719.2142514
-1911966.77815202 4045719.2142514
-1908967.21463766 4045719.2142514
-1920965.46869512 4048718.77776577
-1917965.90518076 4048718.77776577
-1914966.34166639 4048718.77776577
-1911966.77815202 4048718.77776577
-1908967.21463766 4048718.77776577
-1920965.46869512 4051718.34128013
-1917965.90518076 4051718.34128013
-1914966.34166639 4051718.34128013
-1911966.77815202 4051718.34128013
-1908967.21463766 4051718.34128013
-1923965.03220949 4054717.9047945
-1920965.46869512 4054717.9047945
-1917965.90518076 4054717.9047945
-1914966.34166639 4054717.9047945
-1923965.03220949 4057717.46830887
-1920965.46869512 4057717.46830887
-1926964.59572386 4060717.03182323
-1923965.03220949 4060717.03182323
-1920965.46869512 4060717.03182323
-1926964.59572386 4063716.5953376
-1923965.03220949 4063716.5953376
-1920965.46869512 4063716.5953376
-1926964.59572386 4066716.15885197
-1923965.03220949 4066716.15885197
-1920965.46869512 4066716.15885197
-1929964.15923822 4069715.72236633
-1926964.59572386 4069715.72236633
-1923965.03220949 4069715.72236633
-1920965.46869512 4069715.72236633
-1929964.15923822 4072715.2858807
-1926964.59572386 4072715.2858807
-1923965.03220949 4072715.2858807
-1920965.46869512 4072715.2858807
-1932963.72275259 4075714.84939507
-1929964.15923822 4075714.84939507
-1926964.59572386 4075714.84939507
-1923965.03220949 4075714.84939507
-1932963.72275259 4078714.41290943
-1929964.15923822 4078714.41290943
-1932963.72275259 4081713.9764238
-1941962.41329569 4099711.35751
-1941962.41329569 4102710.92102436
-1941962.41329569 4105710.48453873
-1938962.84978132 4105710.48453873
-1944961.97681005 4108710.0480531
-1941962.41329569 4108710.0480531
-1938962.84978132 4108710.0480531
-1944961.97681005 4111709.61156746
-1941962.41329569 4111709.61156746
-1938962.84978132 4111709.61156746
-1944961.97681005 4114709.17508183
-1941962.41329569 4114709.17508183
-1938962.84978132 4114709.17508183
-1947961.54032442 4117708.73859619
-1944961.97681005 4117708.73859619
-1941962.41329569 4117708.73859619
-1947961.54032442 4120708.30211056
-1944961.97681005 4120708.30211056
-1941962.41329569 4120708.30211056
-1947961.54032442 4123707.86562493
-1944961.97681005 4123707.86562493
-1941962.41329569 4123707.86562493
-1950961.10383879 4126707.42913929
-1947961.54032442 4126707.42913929
-1944961.97681005 4126707.42913929
-1941962.41329569 4126707.42913929
-1950961.10383879 4129706.99265366
-1947961.54032442 4129706.99265366
-1944961.97681005 4129706.99265366
-1941962.41329569 4129706.99265366
-1950961.10383879 4132706.55616803
-1947961.54032442 4132706.55616803
-1944961.97681005 4132706.55616803
-1941962.41329569 4132706.55616803
-1947961.54032442 4135706.11968239
-1944961.97681005 4135706.11968239
-1974012.66868257 3734266.89107721
-1974012.66868257 3736917.20347459
-1974012.66868257 3739567.51587196
-1921880.007173 3558484.90755087
-1919082.25603008 3561282.65869378
-1916284.50488717 3564080.4098367
-1955611.88171984 3551812.47417631
-1955611.88171984 3554813.88435741
-1952610.47153874 3554813.88435741
-1952610.47153874 3557815.29453852
-1949609.06135764 3560816.70471962
-2021370.45570965 3425540.65866248
-2021370.45570965 3428539.05905754
-2021370.45570965 3467518.26419325
-2021370.45570965 3470516.66458831
-2018372.05531459 3470516.66458831
-2021370.45570965 3473515.06498336
-2018372.05531459 3473515.06498336
-2021370.45570965 3476513.46537841
-2018372.05531459 3476513.46537841
-2015373.65491954 3476513.46537841
-2021370.45570965 3479511.86577347
-2018372.05531459 3479511.86577347
-2015373.65491954 3479511.86577347
-2021370.45570965 3482510.26616852
-2018372.05531459 3482510.26616852
-2015373.65491954 3482510.26616852
-2012375.25452448 3482510.26616852
-2018372.05531459 3485508.66656358
-2015373.65491954 3485508.66656358
-2012375.25452448 3485508.66656358
-2018372.05531459 3488507.06695863
-2015373.65491954 3488507.06695863
-2012375.25452448 3488507.06695863
-2018372.05531459 3491505.46735369
-2015373.65491954 3491505.46735369
-2012375.25452448 3491505.46735369
-2009376.85412943 3491505.46735369
-2015373.65491954 3494503.86774874
-2012375.25452448 3494503.86774874
-2009376.85412943 3494503.86774874
-2006378.45373437 3494503.86774874
-2012375.25452448 3497502.2681438
-2009376.85412943 3497502.2681438
-2006378.45373437 3497502.2681438
-2009376.85412943 3500500.66853885
-2006378.45373437 3500500.66853885
-2003380.05333932 3500500.66853885
-2006378.45373437 3503499.06893391
-2003380.05333932 3503499.06893391
-2000381.65294426 3503499.06893391
-2003380.05333932 3506497.46932896
-2000381.65294426 3506497.46932896
-1997383.25254921 3506497.46932896
-1997383.25254921 3509495.86972402
-1994384.85215416 3509495.86972402
-1994384.85215416 3512494.27011907
-1991386.4517591 3515492.67051413
-1988388.05136405 3518491.07090918
-1985389.65096899 3521489.47130424
-1985389.65096899 3524487.87169929
-1982391.25057394 3524487.87169929
-1982391.25057394 3527486.27209435
-1979392.85017888 3530484.6724894
-1976394.44978383 3533483.07288446
-1973396.04938877 3536481.47327951
-1970397.64899372 3539479.87367457
-1967399.24859866 3542478.27406962
-1964400.84820361 3545476.67446468
-1961402.44780855 3545476.67446468
-1964400.84820361 3548475.07485973
-1961402.44780855 3548475.07485973
-1958404.0474135 3548475.07485973
-1961402.44780855 3551473.47525479
-1958404.0474135 3551473.47525479
-1955405.64701844 3551473.47525479
-1961402.44780855 3554471.87564984
-1958404.0474135 3554471.87564984
-1955405.64701844 3554471.87564984
-1961402.44780855 3557470.2760449
-1958404.0474135 3557470.2760449
-1955405.64701844 3557470.2760449
-1952407.24662339 3557470.2760449
-1958404.0474135 3560468.67643995
-1955405.64701844 3560468.67643995
-1952407.24662339 3560468.67643995
-1949408.84622833 3560468.67643995
-1958404.0474135 3563467.07683501
-1955405.64701844 3563467.07683501
-1952407.24662339 3563467.07683501
-1949408.84622833 3563467.07683501
-1955405.64701844 3566465.47723006
