-2032016.96546302 3240639.63438124
-2029022.95915739 3240639.63438124
-2026028.95285175 3240639.63438124
-2023034.94654612 3240639.63438124
-2038004.97807429 3243633.64068687
-2035010.97176866 3243633.64068687
-2032016.96546302 3243633.64068687
-2029022.95915739 3243633.64068687
-2026028.95285175 3243633.64068687
-2023034.94654612 3243633.64068687
-2020040.94024049 3243633.64068687
-2017046.93393485 3243633.64068687
-2040998.98437993 3246627.6469925
-2038004.97807429 3246627.6469925
-2035010.97176866 3246627.6469925
-2032016.96546302 3246627.6469925
-2029022.95915739 3246627.6469925
-2026028.95285175 3246627.6469925
-2023034.94654612 3246627.6469925
-2020040.94024049 3246627.6469925
-2017046.93393485 3246627.6469925
-2014052.92762922 3246627.6469925
-2040998.98437993 3249621.65329814
-2038004.97807429 3249621.65329814
-2035010.97176866 3249621.65329814
-2032016.96546302 3249621.65329814
-2029022.95915739 3249621.65329814
-2026028.95285175 3249621.65329814
-2023034.94654612 3249621.65329814
-2020040.94024049 3249621.65329814
-2017046.93393485 3249621.65329814
-2014052.92762922 3249621.65329814
-2040998.98437993 3252615.65960377
-2038004.97807429 3252615.65960377
-2035010.97176866 3252615.65960377
-2032016.96546302 3252615.65960377
-2029022.95915739 3252615.65960377
-2026028.95285175 3252615.65960377
-2023034.94654612 3252615.65960377
-2020040.94024049 3252615.65960377
-2017046.93393485 3252615.65960377
-2014052.92762922 3252615.65960377
-2040998.98437993 3255609.66590941
-2038004.97807429 3255609.66590941
-2035010.97176866 3255609.66590941
-2032016.96546302 3255609.66590941
-2029022.95915739 3255609.66590941
-2026028.95285175 3255609.66590941
-2023034.94654612 3255609.66590941
-2020040.94024049 3255609.66590941
-2017046.93393485 3255609.66590941
-2014052.92762922 3255609.66590941
-2040998.98437993 3258603.67221504
-2038004.97807429 3258603.67221504
-2035010.97176866 3258603.67221504
-2032016.96546302 3258603.67221504
-2029022.95915739 3258603.67221504
-2026028.95285175 3258603.67221504
-2023034.94654612 3258603.67221504
-2020040.94024049 3258603.67221504
-2017046.93393485 3258603.67221504
-2014052.92762922 3258603.67221504
-2040998.98437993 3261597.67852068
-2038004.97807429 3261597.67852068
-2035010.97176866 3261597.67852068
-2032016.96546302 3261597.67852068
-2029022.95915739 3261597.67852068
-2026028.95285175 3261597.67852068
-2023034.94654612 3261597.67852068
-2020040.94024049 3261597.67852068
-2017046.93393485 3261597.67852068
-2014052.92762922 3261597.67852068
-2040998.98437993 3264591.68482631
-2038004.97807429 3264591.68482631
-2035010.97176866 3264591.68482631
-2032016.96546302 3264591.68482631
-2029022.95915739 3264591.68482631
-2026028.95285175 3264591.68482631
-2023034.94654612 3264591.68482631
-2020040.94024049 3264591.68482631
-2017046.93393485 3264591.68482631
-2014052.92762922 3264591.68482631
-2038004.97807429 3267585.69113195
-2035010.97176866 3267585.69113195
-2032016.96546302 3267585.69113195
-2029022.95915739 3267585.69113195
-2026028.95285175 3267585.69113195
-2023034.94654612 3267585.69113195
-2020040.94024049 3267585.69113195
-2017046.93393485 3267585.69113195
-2032016.96546302 3270579.69743758
-2029022.95915739 3270579.69743758
-2026028.95285175 3270579.69743758
-2023034.94654612 3270579.69743758
-1835872.7839523 3616155.81031181
-1841842.69335132 3619140.76501132
-1838857.73865181 3619140.76501132
-1835872.7839523 3619140.76501132
-1832887.82925279 3619140.76501132
-1829902.87455327 3619140.76501132
-1826917.91985376 3619140.76501132
-1823932.96515425 3619140.76501132
-1820948.01045474 3619140.76501132
-1838857.73865181 3622125.71971084
-1835872.7839523 3622125.71971084
-1832887.82925279 3622125.71971084
-1829902.87455327 3622125.71971084
-1826917.91985376 3622125.71971084
-1823932.96515425 3622125.71971084
-1820948.01045474 3622125.71971084
-1817963.05575523 3622125.71971084
-1814978.10105572 3622125.71971084
-1835872.7839523 3625110.67441035
-1832887.82925279 3625110.67441035
-1829902.87455327 3625110.67441035
-1826917.91985376 3625110.67441035
-1823932.96515425 3625110.67441035
-1820948.01045474 3625110.67441035
-1817963.05575523 3625110.67441035
-1814978.10105572 3625110.67441035
-1811993.1463562 3625110.67441035
-1832887.82925279 3628095.62910986
-1829902.87455327 3628095.62910986
-1826917.91985376 3628095.62910986
-1823932.96515425 3628095.62910986
-1820948.01045474 3628095.62910986
-1817963.05575523 3628095.62910986
-1814978.10105572 3628095.62910986
-1811993.1463562 3628095.62910986
-1809008.19165669 3628095.62910986
-1826917.91985376 3631080.58380937
-1823932.96515425 3631080.58380937
-1820948.01045474 3631080.58380937
-1817963.05575523 3631080.58380937
-1814978.10105572 3631080.58380937
-1811993.1463562 3631080.58380937
-1809008.19165669 3631080.58380937
-1806023.23695718 3631080.58380937
-1823932.96515425 3634065.53850888
-1820948.01045474 3634065.53850888
-1817963.05575523 3634065.53850888
-1814978.10105572 3634065.53850888
-1811993.1463562 3634065.53850888
-1809008.19165669 3634065.53850888
-1806023.23695718 3634065.53850888
-1803038.28225767 3634065.53850888
-1817963.05575523 3637050.49320839
-1814978.10105572 3637050.49320839
-1811993.1463562 3637050.49320839
-1809008.19165669 3637050.49320839
-1806023.23695718 3637050.49320839
-1803038.28225767 3637050.49320839
-1800053.32755816 3637050.49320839
-1797068.37285865 3637050.49320839
-1783865.75018821 3655238.66497487
-1783865.75018821 3657729.16302131
