-2141844.37757404 4215112.7818332
-2144834.94123726 4218103.34549642
-2141844.37757404 4218103.34549642
-2147825.50490048 4221093.90915964
-2144834.94123726 4221093.90915964
-2141844.37757404 4221093.90915964
-2150816.06856371 4224084.47282286
-2147825.50490048 4224084.47282286
-2144834.94123726 4224084.47282286
-2141844.37757404 4224084.47282286
-2138853.81391082 4224084.47282286
-2153806.63222693 4227075.03648608
-2150816.06856371 4227075.03648608
-2147825.50490048 4227075.03648608
-2144834.94123726 4227075.03648608
-2141844.37757404 4227075.03648608
-2138853.81391082 4227075.03648608
-2156797.19589015 4230065.60014931
-2153806.63222693 4230065.60014931
-2150816.06856371 4230065.60014931
-2147825.50490048 4230065.60014931
-2144834.94123726 4230065.60014931
-2141844.37757404 4230065.60014931
-2138853.81391082 4230065.60014931
-2159787.75955337 4233056.16381253
-2156797.19589015 4233056.16381253
-2153806.63222693 4233056.16381253
-2150816.06856371 4233056.16381253
-2147825.50490048 4233056.16381253
-2144834.94123726 4233056.16381253
-2141844.37757404 4233056.16381253
-2138853.81391082 4233056.16381253
-2162778.32321659 4236046.72747575
-2159787.75955337 4236046.72747575
-2156797.19589015 4236046.72747575
-2153806.63222693 4236046.72747575
-2150816.06856371 4236046.72747575
-2147825.50490048 4236046.72747575
-2144834.94123726 4236046.72747575
-2141844.37757404 4236046.72747575
-2138853.81391082 4236046.72747575
-2135863.2502476 4236046.72747575
-2162778.32321659 4239037.29113897
-2159787.75955337 4239037.29113897
-2156797.19589015 4239037.29113897
-2153806.63222693 4239037.29113897
-2150816.06856371 4239037.29113897
-2147825.50490048 4239037.29113897
-2144834.94123726 4239037.29113897
-2141844.37757404 4239037.29113897
-2138853.81391082 4239037.29113897
-2135863.2502476 4239037.29113897
-2165768.88687982 4242027.85480219
-2162778.32321659 4242027.85480219
-2159787.75955337 4242027.85480219
-2156797.19589015 4242027.85480219
-2153806.63222693 4242027.85480219
-2150816.06856371 4242027.85480219
-2147825.50490048 4242027.85480219
-2144834.94123726 4242027.85480219
-2141844.37757404 4242027.85480219
-2138853.81391082 4242027.85480219
-2165768.88687982 4245018.41846542
-2162778.32321659 4245018.41846542
-2159787.75955337 4245018.41846542
-2156797.19589015 4245018.41846542
-2153806.63222693 4245018.41846542
-2150816.06856371 4245018.41846542
-2147825.50490048 4245018.41846542
-2144834.94123726 4245018.41846542
-2141844.37757404 4245018.41846542
-2168759.45054304 4248008.98212864
-2165768.88687982 4248008.98212864
-2162778.32321659 4248008.98212864
-2159787.75955337 4248008.98212864
-2156797.19589015 4248008.98212864
-2153806.63222693 4248008.98212864
-2150816.06856371 4248008.98212864
-2147825.50490048 4248008.98212864
-2144834.94123726 4248008.98212864
-2168759.45054304 4250999.54579186
-2165768.88687982 4250999.54579186
-2162778.32321659 4250999.54579186
-2159787.75955337 4250999.54579186
-2156797.19589015 4250999.54579186
-2153806.63222693 4250999.54579186
-2150816.06856371 4250999.54579186
-2147825.50490048 4250999.54579186
-2168759.45054304 4253990.10945508
-2165768.88687982 4253990.10945508
-2162778.32321659 4253990.10945508
-2159787.75955337 4253990.10945508
-2156797.19589015 4253990.10945508
-2153806.63222693 4253990.10945508
-2150816.06856371 4253990.10945508
-2171750.01420626 4256980.6731183
-2168759.45054304 4256980.6731183
-2165768.88687982 4256980.6731183
-2162778.32321659 4256980.6731183
-2159787.75955337 4256980.6731183
-2156797.19589015 4256980.6731183
-2153806.63222693 4256980.6731183
-2150816.06856371 4256980.6731183
-2171750.01420626 4259971.23678153
-2168759.45054304 4259971.23678153
-2165768.88687982 4259971.23678153
-2162778.32321659 4259971.23678153
-2159787.75955337 4259971.23678153
-2156797.19589015 4259971.23678153
-2153806.63222693 4259971.23678153
-2171750.01420626 4262961.80044475
-2168759.45054304 4262961.80044475
-2165768.88687982 4262961.80044475
-2162778.32321659 4262961.80044475
-2159787.75955337 4262961.80044475
-2156797.19589015 4262961.80044475
-2168759.45054304 4265952.36410797
-2165768.88687982 4265952.36410797
-2162778.32321659 4265952.36410797
-2159787.75955337 4265952.36410797
-2072604.09045742 4095874.84547459
-2069606.73897499 4095874.84547459
-2066609.38749255 4095874.84547459
-2075601.44193986 4098872.19695703
-2072604.09045742 4098872.19695703
-2069606.73897499 4098872.19695703
-2066609.38749255 4098872.19695703
-2063612.03601012 4098872.19695703
-2075601.44193986 4101869.54843947
-2072604.09045742 4101869.54843947
-2069606.73897499 4101869.54843947
-2066609.38749255 4101869.54843947
-2063612.03601012 4101869.54843947
-2075601.44193986 4104866.8999219
-2072604.09045742 4104866.8999219
-2069606.73897499 4104866.8999219
-2066609.38749255 4104866.8999219
-2063612.03601012 4104866.8999219
-2072604.09045742 4107864.25140434
-2069606.73897499 4107864.25140434
-2066609.38749255 4107864.25140434
-2096582.90231691 4170808.63253548
-2093585.55083447 4170808.63253548
-2090588.19935204 4170808.63253548
-2099580.25379934 4173805.98401792
-2096582.90231691 4173805.98401792
-2093585.55083447 4173805.98401792
-2090588.19935204 4173805.98401792
-2087590.8478696 4173805.98401792
-2099580.25379934 4176803.33550035
-2096582.90231691 4176803.33550035
-2093585.55083447 4176803.33550035
-2090588.19935204 4176803.33550035
-2087590.8478696 4176803.33550035
-2099580.25379934 4179800.68698279
-2096582.90231691 4179800.68698279
-2093585.55083447 4179800.68698279
-2090588.19935204 4179800.68698279
-2087590.8478696 4179800.68698279
-2099580.25379934 4182798.03846523
-2096582.90231691 4182798.03846523
-2093585.55083447 4182798.03846523
-2090588.19935204 4182798.03846523
-2087590.8478696 4182798.03846523
-2144540.52603588 4209774.20180715
-2144540.52603588 4212771.55328958
-2141543.17455344 4212771.55328958
-2141543.17455344 4215768.90477202
-2141543.17455344 4218766.25625445
-2141543.17455344 4221763.60773689
-2141543.17455344 4224760.95921932
-2138545.82307101 4224760.95921932
-2138545.82307101 4227758.31070176
-2138545.82307101 4230755.66218419
-2138545.82307101 4233753.01366663
-2138545.82307101 4236750.36514906
-2135548.47158857 4236750.36514906
-2132551.12010614 4236750.36514906
-2129553.7686237 4239747.7166315
-2129553.7686237 4242745.06811394
-2126556.41714126 4242745.06811394
-2129553.7686237 4245742.41959637
-2126556.41714126 4245742.41959637
-2114567.01121152 4245742.41959637
-2111569.65972909 4245742.41959637
-2108572.30824665 4245742.41959637
-2132551.12010614 4248739.77107881
-2129553.7686237 4248739.77107881
-2117564.36269396 4248739.77107881
-2114567.01121152 4248739.77107881
-2108572.30824665 4248739.77107881
-2105574.95676422 4248739.77107881
-2132551.12010614 4251737.12256124
-2117564.36269396 4251737.12256124
-2105574.95676422 4251737.12256124
-2135548.47158857 4254734.47404368
-2132551.12010614 4254734.47404368
-2120561.71417639 4254734.47404368
-2117564.36269396 4254734.47404368
-2105574.95676422 4254734.47404368
-2102577.60528178 4254734.47404368
-2135548.47158857 4257731.82552611
-2120561.71417639 4257731.82552611
-2102577.60528178 4257731.82552611
-2099580.25379934 4257731.82552611
-2135548.47158857 4260729.17700855
-2132551.12010614 4260729.17700855
-2123559.06565883 4260729.17700855
-2099580.25379934 4260729.17700855
-2135548.47158857 4263726.52849098
-2132551.12010614 4263726.52849098
-2126556.41714126 4263726.52849098
-2123559.06565883 4263726.52849098
-2099580.25379934 4263726.52849098
-2096582.90231691 4263726.52849098
-2132551.12010614 4266723.87997342
-2129553.7686237 4266723.87997342
-2096582.90231691 4266723.87997342
-2096582.90231691 4269721.23145586
-2093585.55083447 4269721.23145586
-2093585.55083447 4272718.58293829
-2800960.50068926 4374628.5333411
-2797963.14920683 4374628.5333411
-2794965.79772439 4374628.5333411
-2791968.44624195 4374628.5333411
-2788971.09475952 4374628.5333411
-2803957.8521717 4377625.88482354
-2800960.50068926 4377625.88482354
-2797963.14920683 4377625.88482354
-2794965.79772439 4377625.88482354
-2791968.44624195 4377625.88482354
-2788971.09475952 4377625.88482354
-2785973.74327708 4377625.88482354
-2806955.20365413 4380623.23630597
-2803957.8521717 4380623.23630597
-2800960.50068926 4380623.23630597
-2797963.14920683 4380623.23630597
-2794965.79772439 4380623.23630597
-2791968.44624195 4380623.23630597
-2788971.09475952 4380623.23630597
-2785973.74327708 4380623.23630597
-2782976.39179465 4380623.23630597
-2806955.20365413 4383620.58778841
-2803957.8521717 4383620.58778841
-2800960.50068926 4383620.58778841
-2797963.14920683 4383620.58778841
-2794965.79772439 4383620.58778841
-2791968.44624195 4383620.58778841
-2788971.09475952 4383620.58778841
-2785973.74327708 4383620.58778841
-2782976.39179465 4383620.58778841
-2779979.04031221 4383620.58778841
-2806955.20365413 4386617.93927084
-2803957.8521717 4386617.93927084
-2800960.50068926 4386617.93927084
-2797963.14920683 4386617.93927084
-2794965.79772439 4386617.93927084
-2791968.44624195 4386617.93927084
-2788971.09475952 4386617.93927084
-2785973.74327708 4386617.93927084
-2782976.39179465 4386617.93927084
-2779979.04031221 4386617.93927084
-2776981.68882978 4386617.93927084
-2809952.55513657 4389615.29075328
-2806955.20365413 4389615.29075328
-2803957.8521717 4389615.29075328
-2800960.50068926 4389615.29075328
-2797963.14920683 4389615.29075328
-2794965.79772439 4389615.29075328
-2791968.44624195 4389615.29075328
-2788971.09475952 4389615.29075328
-2785973.74327708 4389615.29075328
-2782976.39179465 4389615.29075328
-2779979.04031221 4389615.29075328
-2776981.68882978 4389615.29075328
-2773984.33734734 4389615.29075328
-2809952.55513657 4392612.64223571
-2806955.20365413 4392612.64223571
-2803957.8521717 4392612.64223571
-2800960.50068926 4392612.64223571
-2797963.14920683 4392612.64223571
-2794965.79772439 4392612.64223571
-2791968.44624195 4392612.64223571
-2788971.09475952 4392612.64223571
-2785973.74327708 4392612.64223571
-2782976.39179465 4392612.64223571
-2779979.04031221 4392612.64223571
-2776981.68882978 4392612.64223571
-2773984.33734734 4392612.64223571
-2770986.98586491 4392612.64223571
-2809952.55513657 4395609.99371815
-2806955.20365413 4395609.99371815
-2803957.8521717 4395609.99371815
-2800960.50068926 4395609.99371815
-2797963.14920683 4395609.99371815
-2794965.79772439 4395609.99371815
-2791968.44624195 4395609.99371815
-2788971.09475952 4395609.99371815
-2785973.74327708 4395609.99371815
-2782976.39179465 4395609.99371815
-2779979.04031221 4395609.99371815
-2776981.68882978 4395609.99371815
-2773984.33734734 4395609.99371815
-2809952.55513657 4398607.34520058
-2806955.20365413 4398607.34520058
-2803957.8521717 4398607.34520058
-2800960.50068926 4398607.34520058
-2797963.14920683 4398607.34520058
-2794965.79772439 4398607.34520058
-2791968.44624195 4398607.34520058
-2788971.09475952 4398607.34520058
-2785973.74327708 4398607.34520058
-2782976.39179465 4398607.34520058
-2779979.04031221 4398607.34520058
-2776981.68882978 4398607.34520058
-2812949.906619 4401604.69668302
-2809952.55513657 4401604.69668302
-2806955.20365413 4401604.69668302
-2803957.8521717 4401604.69668302
-2800960.50068926 4401604.69668302
-2797963.14920683 4401604.69668302
-2794965.79772439 4401604.69668302
-2791968.44624195 4401604.69668302
-2788971.09475952 4401604.69668302
-2785973.74327708 4401604.69668302
-2782976.39179465 4401604.69668302
-2812949.906619 4404602.04816545
-2809952.55513657 4404602.04816545
-2806955.20365413 4404602.04816545
-2803957.8521717 4404602.04816545
-2800960.50068926 4404602.04816545
-2797963.14920683 4404602.04816545
-2794965.79772439 4404602.04816545
-2791968.44624195 4404602.04816545
-2788971.09475952 4404602.04816545
-2785973.74327708 4404602.04816545
-2812949.906619 4407599.39964789
-2809952.55513657 4407599.39964789
-2806955.20365413 4407599.39964789
-2803957.8521717 4407599.39964789
-2800960.50068926 4407599.39964789
-2797963.14920683 4407599.39964789
-2794965.79772439 4407599.39964789
-2791968.44624195 4407599.39964789
-2788971.09475952 4407599.39964789
-2812949.906619 4410596.75113033
-2809952.55513657 4410596.75113033
-2806955.20365413 4410596.75113033
-2803957.8521717 4410596.75113033
-2800960.50068926 4410596.75113033
-2797963.14920683 4410596.75113033
-2794965.79772439 4410596.75113033
-2812949.906619 4413594.10261276
-2809952.55513657 4413594.10261276
-2806955.20365413 4413594.10261276
-2803957.8521717 4413594.10261276
-2800960.50068926 4413594.10261276
-2797963.14920683 4413594.10261276
-2812949.906619 4416591.4540952
-2809952.55513657 4416591.4540952
-2806955.20365413 4416591.4540952
-2803957.8521717 4416591.4540952
-2800960.50068926 4416591.4540952
-2809952.55513657 4419588.80557763
-2806955.20365413 4419588.80557763
-2803957.8521717 4419588.80557763
-2806955.20365413 4422586.15706007
