-1972534.99284524 3351988.4712112
-1972534.99284524 3354669.31908407
-1975215.84071812 3362711.86270269
-1977896.68859099 3370754.4063213
-1958476.23849418 3820820.35065998
-1955498.50072017 3820820.35065998
-1952520.76294617 3820820.35065998
-1961453.97626818 3823798.08843398
-1958476.23849418 3823798.08843398
-1955498.50072017 3823798.08843398
-1961453.97626818 3826775.82620798
-1958476.23849418 3826775.82620798
-1955498.50072017 3826775.82620798
-1961453.97626818 3829753.56398199
-1958476.23849418 3829753.56398199
-1955498.50072017 3829753.56398199
-1952520.76294617 3829753.56398199
-1958476.23849418 3832731.30175599
-1955498.50072017 3832731.30175599
-1952520.76294617 3832731.30175599
-1955498.50072017 3835709.03952999
-1952520.76294617 3835709.03952999
-1949543.02517217 3835709.03952999
-1952520.76294617 3838686.777304
-1949543.02517217 3838686.777304
-1943993.76958192 3860278.99604188
-1941013.33609818 3860278.99604188
-1943993.76958192 3863259.42952563
-1941013.33609818 3863259.42952563
-1938032.90261443 3863259.42952563
-1943993.76958192 3866239.86300938
-1941013.33609818 3866239.86300938
-1938032.90261443 3866239.86300938
-1943993.76958192 3869220.29649313
-1941013.33609818 3869220.29649313
-1955915.50351692 3872200.72997687
-1952935.07003317 3872200.72997687
-1949954.63654942 3872200.72997687
-1946974.20306567 3872200.72997687
-1943993.76958192 3872200.72997687
-1941013.33609818 3872200.72997687
-1938032.90261443 3872200.72997687
-1955915.50351692 3875181.16346062
-1952935.07003317 3875181.16346062
-1949954.63654942 3875181.16346062
-1946974.20306567 3875181.16346062
-1943993.76958192 3875181.16346062
-1941013.33609818 3875181.16346062
-1952935.07003317 3878161.59694437
-1949954.63654942 3878161.59694437
-1946974.20306567 3878161.59694437
-1943993.76958192 3878161.59694437
-1949954.63654942 3881142.03042812
-1949954.63654942 3884122.46391187
-1946974.20306567 3887102.89739562
-1943993.76958192 3890083.33087937
-1941013.33609818 3896044.19784687
-1535875.08852726 4175603.07256165
-1532880.7954722 4175603.07256165
-1529886.50241713 4175603.07256165
-1535875.08852726 4178597.36561672
-1532880.7954722 4178597.36561672
-1529886.50241713 4178597.36561672
-1532880.7954722 4181591.65867179
-1529886.50241713 4181591.65867179
-1526892.20936206 4181591.65867179
-1532880.7954722 4184585.95172685
-1529886.50241713 4184585.95172685
-1526892.20936206 4184585.95172685
-1523897.916307 4184585.95172685
-1532880.7954722 4187580.24478192
-1529886.50241713 4187580.24478192
-1526892.20936206 4187580.24478192
-1523897.916307 4187580.24478192
-1532880.7954722 4190574.53783699
-1529886.50241713 4190574.53783699
-1526892.20936206 4190574.53783699
-1523897.916307 4190574.53783699
-1532880.7954722 4193568.83089205
-1529886.50241713 4193568.83089205
-1526892.20936206 4193568.83089205
-1523897.916307 4193568.83089205
-1532880.7954722 4196563.12394712
-1529886.50241713 4196563.12394712
-1541445.35712223 4165826.6009789
-1605370.70490482 4000443.87938737
-1602373.32814004 4000443.87938737
-1599375.95137526 4000443.87938737
-1602373.32814004 4003441.25615215
-1599375.95137526 4003441.25615215
-1596378.57461048 4003441.25615215
-1602373.32814004 4006438.63291693
-1599375.95137526 4006438.63291693
-1596378.57461048 4006438.63291693
-1593381.1978457 4006438.63291693
-1599375.95137526 4009436.00968171
-1596378.57461048 4009436.00968171
-1593381.1978457 4009436.00968171
-1599375.95137526 4012433.38644649
-1596378.57461048 4012433.38644649
-1593381.1978457 4012433.38644649
-1596378.57461048 4015430.76321126
-1596378.57461048 4018428.13997604
-1575396.93725702 4021425.51674082
-1572399.56049224 4021425.51674082
-1593381.1978457 4024422.8935056
-1590383.82108092 4024422.8935056
-1587386.44431614 4024422.8935056
-1584389.06755136 4024422.8935056
-1581391.69078658 4024422.8935056
-1578394.3140218 4024422.8935056
-1575396.93725702 4024422.8935056
-1572399.56049224 4024422.8935056
-1569402.18372746 4024422.8935056
-1566404.80696268 4024422.8935056
-1590383.82108092 4027420.27027038
-1587386.44431614 4027420.27027038
-1584389.06755136 4027420.27027038
-1581391.69078658 4027420.27027038
-1578394.3140218 4027420.27027038
-1575396.93725702 4027420.27027038
-1572399.56049224 4027420.27027038
-1569402.18372746 4027420.27027038
-1566404.80696268 4027420.27027038
-1563407.4301979 4027420.27027038
-1587386.44431614 4030417.64703516
-1584389.06755136 4030417.64703516
-1581391.69078658 4030417.64703516
-1578394.3140218 4030417.64703516
-1575396.93725702 4030417.64703516
-1572399.56049224 4030417.64703516
-1569402.18372746 4030417.64703516
-1566404.80696268 4030417.64703516
-1563407.4301979 4030417.64703516
-1560410.05343312 4030417.64703516
-1557412.67666834 4030417.64703516
-1587386.44431614 4033415.02379994
-1584389.06755136 4033415.02379994
-1581391.69078658 4033415.02379994
-1578394.3140218 4033415.02379994
-1575396.93725702 4033415.02379994
-1572399.56049224 4033415.02379994
-1569402.18372746 4033415.02379994
-1566404.80696268 4033415.02379994
-1563407.4301979 4033415.02379994
-1560410.05343312 4033415.02379994
-1557412.67666834 4033415.02379994
-1554415.29990356 4033415.02379994
-1584389.06755136 4036412.40056472
-1581391.69078658 4036412.40056472
-1578394.3140218 4036412.40056472
-1575396.93725702 4036412.40056472
-1572399.56049224 4036412.40056472
-1569402.18372746 4036412.40056472
-1566404.80696268 4036412.40056472
-1563407.4301979 4036412.40056472
-1560410.05343312 4036412.40056472
-1557412.67666834 4036412.40056472
-1554415.29990356 4036412.40056472
-1551417.92313878 4036412.40056472
-1548420.546374 4036412.40056472
-1584389.06755136 4039409.7773295
-1581391.69078658 4039409.7773295
-1578394.3140218 4039409.7773295
-1575396.93725702 4039409.7773295
-1572399.56049224 4039409.7773295
-1569402.18372746 4039409.7773295
-1566404.80696268 4039409.7773295
-1563407.4301979 4039409.7773295
-1560410.05343312 4039409.7773295
-1557412.67666834 4039409.7773295
-1554415.29990356 4039409.7773295
-1551417.92313878 4039409.7773295
-1548420.546374 4039409.7773295
-1545423.16960922 4039409.7773295
-1581391.69078658 4042407.15409428
-1578394.3140218 4042407.15409428
-1575396.93725702 4042407.15409428
-1572399.56049224 4042407.15409428
-1569402.18372746 4042407.15409428
-1566404.80696268 4042407.15409428
-1563407.4301979 4042407.15409428
-1560410.05343312 4042407.15409428
-1557412.67666834 4042407.15409428
-1554415.29990356 4042407.15409428
-1551417.92313878 4042407.15409428
-1548420.546374 4042407.15409428
-1545423.16960922 4042407.15409428
-1542425.79284444 4042407.15409428
-1581391.69078658 4045404.53085906
-1578394.3140218 4045404.53085906
-1575396.93725702 4045404.53085906
-1572399.56049224 4045404.53085906
-1569402.18372746 4045404.53085906
-1566404.80696268 4045404.53085906
-1563407.4301979 4045404.53085906
-1560410.05343312 4045404.53085906
-1557412.67666834 4045404.53085906
-1554415.29990356 4045404.53085906
-1551417.92313878 4045404.53085906
-1548420.546374 4045404.53085906
-1545423.16960922 4045404.53085906
-1542425.79284444 4045404.53085906
-1539428.41607966 4045404.53085906
-1578394.3140218 4048401.90762384
-1575396.93725702 4048401.90762384
-1572399.56049224 4048401.90762384
-1569402.18372746 4048401.90762384
-1566404.80696268 4048401.90762384
-1563407.4301979 4048401.90762384
-1560410.05343312 4048401.90762384
-1557412.67666834 4048401.90762384
-1554415.29990356 4048401.90762384
-1551417.92313878 4048401.90762384
-1548420.546374 4048401.90762384
-1545423.16960922 4048401.90762384
-1542425.79284444 4048401.90762384
-1539428.41607966 4048401.90762384
-1578394.3140218 4051399.28438862
-1575396.93725702 4051399.28438862
-1572399.56049224 4051399.28438862
-1569402.18372746 4051399.28438862
-1566404.80696268 4051399.28438862
-1563407.4301979 4051399.28438862
-1560410.05343312 4051399.28438862
-1557412.67666834 4051399.28438862
-1554415.29990356 4051399.28438862
-1551417.92313878 4051399.28438862
-1548420.546374 4051399.28438862
-1545423.16960922 4051399.28438862
-1542425.79284444 4051399.28438862
-1539428.41607966 4051399.28438862
-1575396.93725702 4054396.6611534
-1572399.56049224 4054396.6611534
-1569402.18372746 4054396.6611534
-1566404.80696268 4054396.6611534
-1563407.4301979 4054396.6611534
-1560410.05343312 4054396.6611534
-1557412.67666834 4054396.6611534
-1554415.29990356 4054396.6611534
-1551417.92313878 4054396.6611534
-1548420.546374 4054396.6611534
-1545423.16960922 4054396.6611534
-1542425.79284444 4054396.6611534
-1539428.41607966 4054396.6611534
-1536431.03931488 4054396.6611534
-1575396.93725702 4057394.03791818
-1572399.56049224 4057394.03791818
-1569402.18372746 4057394.03791818
-1566404.80696268 4057394.03791818
-1563407.4301979 4057394.03791818
-1560410.05343312 4057394.03791818
-1557412.67666834 4057394.03791818
-1554415.29990356 4057394.03791818
-1551417.92313878 4057394.03791818
-1548420.546374 4057394.03791818
-1545423.16960922 4057394.03791818
-1542425.79284444 4057394.03791818
-1539428.41607966 4057394.03791818
-1536431.03931488 4057394.03791818
-1533433.6625501 4057394.03791818
-1572399.56049224 4060391.41468296
-1569402.18372746 4060391.41468296
-1566404.80696268 4060391.41468296
-1563407.4301979 4060391.41468296
-1560410.05343312 4060391.41468296
-1557412.67666834 4060391.41468296
-1554415.29990356 4060391.41468296
-1551417.92313878 4060391.41468296
-1548420.546374 4060391.41468296
-1545423.16960922 4060391.41468296
-1542425.79284444 4060391.41468296
-1539428.41607966 4060391.41468296
-1536431.03931488 4060391.41468296
-1533433.6625501 4060391.41468296
-1530436.28578532 4060391.41468296
-1572399.56049224 4063388.79144774
-1569402.18372746 4063388.79144774
-1566404.80696268 4063388.79144774
-1563407.4301979 4063388.79144774
-1560410.05343312 4063388.79144774
-1557412.67666834 4063388.79144774
-1554415.29990356 4063388.79144774
-1551417.92313878 4063388.79144774
-1548420.546374 4063388.79144774
-1545423.16960922 4063388.79144774
-1542425.79284444 4063388.79144774
-1539428.41607966 4063388.79144774
-1536431.03931488 4063388.79144774
-1533433.6625501 4063388.79144774
-1530436.28578532 4063388.79144774
-1527438.90902054 4063388.79144774
-1569402.18372746 4066386.16821252
-1566404.80696268 4066386.16821252
-1563407.4301979 4066386.16821252
-1560410.05343312 4066386.16821252
-1557412.67666834 4066386.16821252
-1554415.29990356 4066386.16821252
-1551417.92313878 4066386.16821252
-1548420.546374 4066386.16821252
-1545423.16960922 4066386.16821252
-1542425.79284444 4066386.16821252
-1539428.41607966 4066386.16821252
-1536431.03931488 4066386.16821252
-1533433.6625501 4066386.16821252
-1530436.28578532 4066386.16821252
-1527438.90902054 4066386.16821252
-1524441.53225576 4066386.16821252
-1563407.4301979 4069383.5449773
-1560410.05343312 4069383.5449773
-1557412.67666834 4069383.5449773
-1554415.29990356 4069383.5449773
-1551417.92313878 4069383.5449773
-1548420.546374 4069383.5449773
-1545423.16960922 4069383.5449773
-1542425.79284444 4069383.5449773
-1539428.41607966 4069383.5449773
-1536431.03931488 4069383.5449773
-1533433.6625501 4069383.5449773
-1530436.28578532 4069383.5449773
-1527438.90902054 4069383.5449773
-1524441.53225576 4069383.5449773
-1521444.15549098 4069383.5449773
-1560410.05343312 4072380.92174208
-1557412.67666834 4072380.92174208
-1554415.29990356 4072380.92174208
-1551417.92313878 4072380.92174208
-1548420.546374 4072380.92174208
-1545423.16960922 4072380.92174208
-1542425.79284444 4072380.92174208
-1539428.41607966 4072380.92174208
-1536431.03931488 4072380.92174208
-1533433.6625501 4072380.92174208
-1530436.28578532 4072380.92174208
-1527438.90902054 4072380.92174208
-1524441.53225576 4072380.92174208
-1521444.15549098 4072380.92174208
-1518446.7787262 4072380.92174208
-1557412.67666834 4075378.29850686
-1554415.29990356 4075378.29850686
-1551417.92313878 4075378.29850686
-1548420.546374 4075378.29850686
-1545423.16960922 4075378.29850686
-1542425.79284444 4075378.29850686
-1539428.41607966 4075378.29850686
-1536431.03931488 4075378.29850686
-1533433.6625501 4075378.29850686
-1530436.28578532 4075378.29850686
-1527438.90902054 4075378.29850686
-1524441.53225576 4075378.29850686
-1521444.15549098 4075378.29850686
-1518446.7787262 4075378.29850686
-1515449.40196142 4075378.29850686
-1551417.92313878 4078375.67527164
-1548420.546374 4078375.67527164
-1545423.16960922 4078375.67527164
-1542425.79284444 4078375.67527164
-1539428.41607966 4078375.67527164
-1536431.03931488 4078375.67527164
-1533433.6625501 4078375.67527164
-1530436.28578532 4078375.67527164
-1527438.90902054 4078375.67527164
-1524441.53225576 4078375.67527164
-1521444.15549098 4078375.67527164
-1518446.7787262 4078375.67527164
-1515449.40196142 4078375.67527164
-1512452.02519664 4078375.67527164
-1548420.546374 4081373.05203642
-1545423.16960922 4081373.05203642
-1542425.79284444 4081373.05203642
-1539428.41607966 4081373.05203642
-1536431.03931488 4081373.05203642
-1533433.6625501 4081373.05203642
-1530436.28578532 4081373.05203642
-1527438.90902054 4081373.05203642
-1524441.53225576 4081373.05203642
-1521444.15549098 4081373.05203642
-1518446.7787262 4081373.05203642
-1515449.40196142 4081373.05203642
-1512452.02519664 4081373.05203642
-1545423.16960922 4084370.4288012
-1542425.79284444 4084370.4288012
-1539428.41607966 4084370.4288012
-1536431.03931488 4084370.4288012
-1533433.6625501 4084370.4288012
-1530436.28578532 4084370.4288012
-1527438.90902054 4084370.4288012
-1524441.53225576 4084370.4288012
-1521444.15549098 4084370.4288012
-1518446.7787262 4084370.4288012
-1515449.40196142 4084370.4288012
-1512452.02519664 4084370.4288012
-1509454.64843186 4084370.4288012
-1539428.41607966 4087367.80556598
-1536431.03931488 4087367.80556598
-1533433.6625501 4087367.80556598
-1530436.28578532 4087367.80556598
-1527438.90902054 4087367.80556598
-1524441.53225576 4087367.80556598
-1521444.15549098 4087367.80556598
-1518446.7787262 4087367.80556598
-1515449.40196142 4087367.80556598
-1512452.02519664 4087367.80556598
-1509454.64843186 4087367.80556598
-1533433.6625501 4090365.18233076
-1530436.28578532 4090365.18233076
-1527438.90902054 4090365.18233076
-1524441.53225576 4090365.18233076
-1521444.15549098 4090365.18233076
-1518446.7787262 4090365.18233076
-1515449.40196142 4090365.18233076
-1512452.02519664 4090365.18233076
-1509454.64843186 4090365.18233076
-1530436.28578532 4093362.55909554
-1527438.90902054 4093362.55909554
-1524441.53225576 4093362.55909554
-1521444.15549098 4093362.55909554
-1518446.7787262 4093362.55909554
-1515449.40196142 4093362.55909554
-1512452.02519664 4093362.55909554
-1509454.64843186 4093362.55909554
-1527438.90902054 4096359.93586032
-1524441.53225576 4096359.93586032
-1521444.15549098 4096359.93586032
-1518446.7787262 4096359.93586032
-1515449.40196142 4096359.93586032
-1512452.02519664 4096359.93586032
-1509454.64843186 4096359.93586032
-1506457.27166708 4096359.93586032
-1527438.90902054 4099357.3126251
-1524441.53225576 4099357.3126251
-1521444.15549098 4099357.3126251
-1518446.7787262 4099357.3126251
-1515449.40196142 4099357.3126251
-1512452.02519664 4099357.3126251
-1509454.64843186 4099357.3126251
-1506457.27166708 4099357.3126251
-1524441.53225576 4102354.68938988
-1521444.15549098 4102354.68938988
-1518446.7787262 4102354.68938988
-1515449.40196142 4102354.68938988
-1512452.02519664 4102354.68938988
-1509454.64843186 4102354.68938988
-1506457.27166708 4102354.68938988
-1521444.15549098 4105352.06615466
-1518446.7787262 4105352.06615466
-1515449.40196142 4105352.06615466
-1512452.02519664 4105352.06615466
-1509454.64843186 4105352.06615466
-1506457.27166708 4105352.06615466
-1518446.7787262 4108349.44291944
-1515449.40196142 4108349.44291944
-1512452.02519664 4108349.44291944
-1509454.64843186 4108349.44291944
-1506457.27166708 4108349.44291944
-1503459.8949023 4108349.44291944
-1515449.40196142 4111346.81968422
-1512452.02519664 4111346.81968422
-1509454.64843186 4111346.81968422
-1506457.27166708 4111346.81968422
-1503459.8949023 4111346.81968422
-1500462.51813752 4111346.81968422
-1512452.02519664 4114344.196449
-1509454.64843186 4114344.196449
-1506457.27166708 4114344.196449
-1503459.8949023 4114344.196449
-1500462.51813752 4114344.196449
-1509454.64843186 4117341.57321378
-1506457.27166708 4117341.57321378
-1503459.8949023 4117341.57321378
-1500462.51813752 4117341.57321378
-1497465.14137275 4117341.57321378
-2096652.50925588 4248215.40823998
-2093659.29804125 4248215.40823998
-2096652.50925588 4251208.61945462
-2093659.29804125 4251208.61945462
-2090666.08682662 4251208.61945462
-2096652.50925588 4254201.83066925
-2093659.29804125 4254201.83066925
-2090666.08682662 4254201.83066925
-2087672.87561199 4254201.83066925
-2096652.50925588 4257195.04188388
-2093659.29804125 4257195.04188388
-2090666.08682662 4257195.04188388
-2087672.87561199 4257195.04188388
-2084679.66439736 4257195.04188388
-2090666.08682662 4260188.25309851
-2087672.87561199 4260188.25309851
-2084679.66439736 4260188.25309851
-2081686.45318272 4260188.25309851
-2081686.45318272 4263181.46431314
-2078693.24196809 4263181.46431314
-2497742.8120166 4320052.47739116
-2494749.60080196 4320052.47739116
-2491756.38958733 4320052.47739116
-2500736.02323123 4323045.68860579
-2497742.8120166 4323045.68860579
-2494749.60080196 4323045.68860579
-2491756.38958733 4323045.68860579
-2488763.1783727 4323045.68860579
-2485769.96715807 4323045.68860579
-2500736.02323123 4326038.89982042
-2497742.8120166 4326038.89982042
-2494749.60080196 4326038.89982042
-2491756.38958733 4326038.89982042
-2488763.1783727 4326038.89982042
-2485769.96715807 4326038.89982042
-2482776.75594344 4326038.89982042
-2437878.58772395 4326038.89982042
-2434885.37650932 4326038.89982042
-2431892.16529469 4326038.89982042
-2428898.95408006 4326038.89982042
-2425905.74286542 4326038.89982042
-2422912.53165079 4326038.89982042
-2500736.02323123 4329032.11103505
-2497742.8120166 4329032.11103505
-2494749.60080196 4329032.11103505
-2491756.38958733 4329032.11103505
-2488763.1783727 4329032.11103505
-2485769.96715807 4329032.11103505
-2482776.75594344 4329032.11103505
-2440871.79893858 4329032.11103505
-2437878.58772395 4329032.11103505
-2434885.37650932 4329032.11103505
-2431892.16529469 4329032.11103505
-2428898.95408006 4329032.11103505
-2425905.74286542 4329032.11103505
-2422912.53165079 4329032.11103505
-2497742.8120166 4332025.32224969
-2494749.60080196 4332025.32224969
-2491756.38958733 4332025.32224969
-2488763.1783727 4332025.32224969
-2485769.96715807 4332025.32224969
-2482776.75594344 4332025.32224969
-2437878.58772395 4332025.32224969
-2434885.37650932 4332025.32224969
-2431892.16529469 4332025.32224969
-2428898.95408006 4332025.32224969
-2425905.74286542 4332025.32224969
-2494749.60080196 4335018.53346432
-2491756.38958733 4335018.53346432
-2488763.1783727 4335018.53346432
-2485769.96715807 4335018.53346432
-2431892.16529469 4335018.53346432
-2491756.38958733 4338011.74467895
-2357061.88492888 4400869.18018623
-2354068.67371425 4400869.18018623
-2351075.46249962 4400869.18018623
-2348082.25128499 4400869.18018623
-2345089.04007035 4400869.18018623
-2357061.88492888 4403862.39140086
-2354068.67371425 4403862.39140086
-2351075.46249962 4403862.39140086
-2348082.25128499 4403862.39140086
-2345089.04007035 4403862.39140086
-2342095.82885572 4403862.39140086
-2357061.88492888 4406855.60261549
-2354068.67371425 4406855.60261549
-2351075.46249962 4406855.60261549
-2348082.25128499 4406855.60261549
-2345089.04007035 4406855.60261549
-2342095.82885572 4406855.60261549
-2339102.61764109 4406855.60261549
-2853934.94655783 4409848.81383012
-2357061.88492888 4409848.81383012
-2354068.67371425 4409848.81383012
-2351075.46249962 4409848.81383012
-2348082.25128499 4409848.81383012
-2345089.04007035 4409848.81383012
-2342095.82885572 4409848.81383012
-2339102.61764109 4409848.81383012
-2336109.40642646 4409848.81383012
-2354068.67371425 4412842.02504475
-2351075.46249962 4412842.02504475
-2348082.25128499 4412842.02504475
-2345089.04007035 4412842.02504475
-2342095.82885572 4412842.02504475
-2339102.61764109 4412842.02504475
-2336109.40642646 4412842.02504475
-2333116.19521183 4412842.02504475
-2354068.67371425 4415835.23625939
-2351075.46249962 4415835.23625939
-2348082.25128499 4415835.23625939
-2345089.04007035 4415835.23625939
-2342095.82885572 4415835.23625939
-2339102.61764109 4415835.23625939
-2336109.40642646 4415835.23625939
-2333116.19521183 4415835.23625939
-2381007.57464594 4418828.44747402
-2378014.36343131 4418828.44747402
-2375021.15221668 4418828.44747402
-2372027.94100204 4418828.44747402
-2369034.72978741 4418828.44747402
-2366041.51857278 4418828.44747402
-2363048.30735815 4418828.44747402
-2360055.09614352 4418828.44747402
-2357061.88492888 4418828.44747402
-2354068.67371425 4418828.44747402
-2351075.46249962 4418828.44747402
-2348082.25128499 4418828.44747402
-2345089.04007035 4418828.44747402
-2342095.82885572 4418828.44747402
-2339102.61764109 4418828.44747402
-2336109.40642646 4418828.44747402
-2333116.19521183 4418828.44747402
-2381007.57464594 4421821.65868865
-2378014.36343131 4421821.65868865
-2375021.15221668 4421821.65868865
-2372027.94100204 4421821.65868865
-2369034.72978741 4421821.65868865
-2366041.51857278 4421821.65868865
-2363048.30735815 4421821.65868865
-2360055.09614352 4421821.65868865
-2357061.88492888 4421821.65868865
-2354068.67371425 4421821.65868865
-2351075.46249962 4421821.65868865
-2348082.25128499 4421821.65868865
-2345089.04007035 4421821.65868865
-2342095.82885572 4421821.65868865
-2339102.61764109 4421821.65868865
-2336109.40642646 4421821.65868865
-2333116.19521183 4421821.65868865
-2381007.57464594 4424814.86990328
-2378014.36343131 4424814.86990328
-2375021.15221668 4424814.86990328
-2372027.94100204 4424814.86990328
-2369034.72978741 4424814.86990328
-2366041.51857278 4424814.86990328
-2363048.30735815 4424814.86990328
-2360055.09614352 4424814.86990328
-2357061.88492888 4424814.86990328
-2354068.67371425 4424814.86990328
-2351075.46249962 4424814.86990328
-2348082.25128499 4424814.86990328
-2345089.04007035 4424814.86990328
-2342095.82885572 4424814.86990328
-2339102.61764109 4424814.86990328
-2336109.40642646 4424814.86990328
-2333116.19521183 4424814.86990328
-2381007.57464594 4427808.08111791
-2378014.36343131 4427808.08111791
-2375021.15221668 4427808.08111791
-2372027.94100204 4427808.08111791
-2369034.72978741 4427808.08111791
-2366041.51857278 4427808.08111791
-2363048.30735815 4427808.08111791
-2360055.09614352 4427808.08111791
-2357061.88492888 4427808.08111791
-2354068.67371425 4427808.08111791
-2351075.46249962 4427808.08111791
-2348082.25128499 4427808.08111791
-2345089.04007035 4427808.08111791
-2342095.82885572 4427808.08111791
-2339102.61764109 4427808.08111791
-2336109.40642646 4427808.08111791
-2378014.36343131 4430801.29233255
-2375021.15221668 4430801.29233255
-2372027.94100204 4430801.29233255
-2369034.72978741 4430801.29233255
-2366041.51857278 4430801.29233255
-2363048.30735815 4430801.29233255
-2360055.09614352 4430801.29233255
-2357061.88492888 4430801.29233255
-2354068.67371425 4430801.29233255
-2351075.46249962 4430801.29233255
-2348082.25128499 4430801.29233255
-2345089.04007035 4430801.29233255
-2342095.82885572 4430801.29233255
-2339102.61764109 4430801.29233255
-2360055.09614352 4433794.50354718
-2357061.88492888 4433794.50354718
-2354068.67371425 4433794.50354718
-2351075.46249962 4433794.50354718
-2348082.25128499 4433794.50354718
-1934885.76343908 3585749.62200843
-1931892.44492951 3585749.62200843
-1937879.08194864 3588742.94051799
-1934885.76343908 3588742.94051799
-1931892.44492951 3588742.94051799
-1934885.76343908 3591736.25902755
-1931892.44492951 3591736.25902755
-1934885.76343908 3594729.57753712
-1931892.44492951 3594729.57753712
-1928899.12641995 3594729.57753712
-1931892.44492951 3597722.89604668
-1928899.12641995 3597722.89604668
-1925905.80791039 3597722.89604668
-1931892.44492951 3600716.21455624
-1928899.12641995 3600716.21455624
-1925905.80791039 3600716.21455624
-1922912.48940082 3600716.21455624
-1928899.12641995 3603709.5330658
-1925905.80791039 3603709.5330658
-1922912.48940082 3603709.5330658
-1928899.12641995 3606702.85157537
-1925905.80791039 3606702.85157537
-1922912.48940082 3606702.85157537
-1898965.94132432 3606702.85157537
-1895972.62281476 3606702.85157537
-1928899.12641995 3609696.17008493
-1925905.80791039 3609696.17008493
-1922912.48940082 3609696.17008493
-1919919.17089126 3609696.17008493
-1904952.57834345 3609696.17008493
-1901959.25983389 3609696.17008493
-1898965.94132432 3609696.17008493
-1895972.62281476 3609696.17008493
-1928899.12641995 3612689.48859449
-1925905.80791039 3612689.48859449
-1922912.48940082 3612689.48859449
-1919919.17089126 3612689.48859449
-1907945.89685301 3612689.48859449
-1904952.57834345 3612689.48859449
-1901959.25983389 3612689.48859449
-1898965.94132432 3612689.48859449
-1928899.12641995 3615682.80710405
-1925905.80791039 3615682.80710405
-1922912.48940082 3615682.80710405
-1919919.17089126 3615682.80710405
-1907945.89685301 3615682.80710405
-1904952.57834345 3615682.80710405
-1901959.25983389 3615682.80710405
-1928899.12641995 3618676.12561362
-1925905.80791039 3618676.12561362
-1922912.48940082 3618676.12561362
-1919919.17089126 3618676.12561362
-1910939.21536257 3618676.12561362
-1907945.89685301 3618676.12561362
-1904952.57834345 3618676.12561362
-1928899.12641995 3621669.44412318
-1925905.80791039 3621669.44412318
-1922912.48940082 3621669.44412318
-1919919.17089126 3621669.44412318
-1916925.8523817 3621669.44412318
-1913932.53387214 3621669.44412318
-1910939.21536257 3621669.44412318
-1907945.89685301 3621669.44412318
-1928899.12641995 3624662.76263274
-1925905.80791039 3624662.76263274
-1922912.48940082 3624662.76263274
-1919919.17089126 3624662.76263274
-1916925.8523817 3624662.76263274
-1913932.53387214 3624662.76263274
-1925905.80791039 3627656.08114231
-1922912.48940082 3627656.08114231
-1919919.17089126 3627656.08114231
-1916925.8523817 3627656.08114231
-1922912.48940082 3630649.39965187
-1919919.17089126 3630649.39965187
-1955807.11372155 3818737.95376262
-1958753.26343002 3821684.10347109
-1955807.11372155 3821684.10347109
-1952860.96401308 3821684.10347109
-1961699.41313848 3824630.25317955
-1958753.26343002 3824630.25317955
-1955807.11372155 3824630.25317955
-1952860.96401308 3824630.25317955
-1961699.41313848 3827576.40288802
-1958753.26343002 3827576.40288802
-1955807.11372155 3827576.40288802
-1952860.96401308 3827576.40288802
-1949914.81430462 3827576.40288802
-1958753.26343002 3830522.55259649
-1955807.11372155 3830522.55259649
-1952860.96401308 3830522.55259649
-1949914.81430462 3830522.55259649
-1958753.26343002 3833468.70230495
-1955807.11372155 3833468.70230495
-1952860.96401308 3833468.70230495
-1949914.81430462 3833468.70230495
-1946968.66459615 3833468.70230495
-1955807.11372155 3836414.85201342
-1952860.96401308 3836414.85201342
-1949914.81430462 3836414.85201342
-1946968.66459615 3836414.85201342
-1935191.11241217 3587368.28069516
-1932208.67988078 3587368.28069516
-1935191.11241217 3590350.71322655
-1932208.67988078 3590350.71322655
-1929226.24734939 3590350.71322655
-1935191.11241217 3593333.14575795
-1932208.67988078 3593333.14575795
-1929226.24734939 3593333.14575795
-1926243.81481799 3593333.14575795
-1932208.67988078 3596315.57828934
-1929226.24734939 3596315.57828934
-1926243.81481799 3596315.57828934
-1923261.3822866 3596315.57828934
-1932208.67988078 3599298.01082074
-1929226.24734939 3599298.01082074
-1926243.81481799 3599298.01082074
-1923261.3822866 3599298.01082074
-1920278.9497552 3599298.01082074
-1929226.24734939 3602280.44335213
-1926243.81481799 3602280.44335213
-1923261.3822866 3602280.44335213
-1920278.9497552 3602280.44335213
-1917296.51722381 3602280.44335213
-1929226.24734939 3605262.87588353
-1926243.81481799 3605262.87588353
-1923261.3822866 3605262.87588353
-1920278.9497552 3605262.87588353
-1917296.51722381 3605262.87588353
-1926243.81481799 3608245.30841492
-1923261.3822866 3608245.30841492
-1920278.9497552 3608245.30841492
-1917296.51722381 3608245.30841492
-1914314.08469241 3608245.30841492
-1926243.81481799 3611227.74094632
-1923261.3822866 3611227.74094632
-1920278.9497552 3611227.74094632
-1917296.51722381 3611227.74094632
-1914314.08469241 3611227.74094632
-1911331.65216102 3611227.74094632
-1908349.21962963 3611227.74094632
-1923261.3822866 3614210.17347771
-1920278.9497552 3614210.17347771
-1917296.51722381 3614210.17347771
-1914314.08469241 3614210.17347771
-1911331.65216102 3614210.17347771
-1908349.21962963 3614210.17347771
-1923261.3822866 3617192.6060091
-1920278.9497552 3617192.6060091
-1917296.51722381 3617192.6060091
-1914314.08469241 3617192.6060091
-1911331.65216102 3617192.6060091
-1908349.21962963 3617192.6060091
-1905366.78709823 3617192.6060091
-1902384.35456684 3617192.6060091
-1920278.9497552 3620175.0385405
-1917296.51722381 3620175.0385405
-1914314.08469241 3620175.0385405
-1911331.65216102 3620175.0385405
-1908349.21962963 3620175.0385405
-1905366.78709823 3620175.0385405
-1917296.51722381 3623157.47107189
-1914314.08469241 3623157.47107189
-1911331.65216102 3623157.47107189
-1908349.21962963 3623157.47107189
-1917296.51722381 3626139.90360329
-1914314.08469241 3626139.90360329
-1911331.65216102 3626139.90360329
-1908349.21962963 3626139.90360329
-1917296.51722381 3629122.33613468
-1914314.08469241 3629122.33613468
-1911331.65216102 3629122.33613468
-1917296.51722381 3632104.76866608
-1914314.08469241 3632104.76866608
-1917296.51722381 3635087.20119747
-1919617.67316115 3966836.99736469
-1922596.85257516 3969816.1767787
-1919617.67316115 3969816.1767787
-1889825.87902104 4017483.04740288
-1892805.05843505 4020462.22681689
-1889825.87902104 4020462.22681689
-1886846.69960703 4020462.22681689
-1892805.05843505 4023441.4062309
-1889825.87902104 4023441.4062309
-1886846.69960703 4023441.4062309
-1889825.87902104 4026420.58564491
-1929675.97203578 3545306.27983143
-1929675.97203578 3548168.44430128
-1926813.80756592 3551030.60877113
-1926813.80756592 3568203.59559025
-1923951.64309607 3576790.08899981
-1852397.53134974 3602549.56922849
-1846673.20241004 3605411.73369834
-1843811.03794019 3605411.73369834
-1843811.03794019 3608273.89816819
-1953806.30505622 3872096.127321
-1950806.8647701 3872096.127321
-1947807.42448398 3872096.127321
-1956805.74534233 3875095.56760712
-1953806.30505622 3875095.56760712
-1950806.8647701 3875095.56760712
-1959805.18562845 3878095.00789323
-1956805.74534233 3878095.00789323
-1953806.30505622 3878095.00789323
-1950806.8647701 3878095.00789323
-1959805.18562845 3881094.44817935
-1956805.74534233 3881094.44817935
-1953806.30505622 3881094.44817935
-1950806.8647701 3881094.44817935
-1959805.18562845 3884093.88846547
-1956805.74534233 3884093.88846547
-1953806.30505622 3884093.88846547
-1950806.8647701 3884093.88846547
-1956805.74534233 3887093.32875159
-1953806.30505622 3887093.32875159
-1950806.8647701 3887093.32875159
-1953806.30505622 3890092.7690377
-1950806.8647701 3890092.7690377
-1950806.8647701 3893092.20932382
-1947807.42448398 3896091.64960994
-1950806.8647701 3899091.08989606
-1947807.42448398 3899091.08989606
-1950806.8647701 3902090.53018217
-1947807.42448398 3902090.53018217
-1944807.98419787 3902090.53018217
-1950806.8647701 3905089.97046829
-1947807.42448398 3905089.97046829
-1944807.98419787 3905089.97046829
-1944807.98419787 3908089.41075441
-1944807.98419787 3911088.85104052
-1941808.54391175 3911088.85104052
-1941808.54391175 3914088.29132664
-1941808.54391175 3917087.73161276
-1941808.54391175 3920087.17189888
-1935809.66333951 3980075.97762122
-1935809.66333951 3983075.41790734
-1935809.66333951 3986074.85819346
-1938809.10362563 3989074.29847958
-1935809.66333951 3989074.29847958
-1938809.10362563 3992073.73876569
-1935809.66333951 3992073.73876569
-1938809.10362563 3995073.17905181
-1935809.66333951 3995073.17905181
-1935809.66333951 3998072.61933793
-1932810.2230534 3998072.61933793
-1932810.2230534 4001072.05962405
-1920812.46190893 4052062.54448804
-1923811.90219504 4055061.98477416
-1920812.46190893 4055061.98477416
-1923811.90219504 4058061.42506028
-2019941.98447094 3425325.02398029
-2019941.98447094 3428306.91710719
-2019941.98447094 3431288.81023409
-2019941.98447094 3434270.703361
-1933467.08379074 3541618.85592952
-1930485.19066384 3541618.85592952
-1930485.19066384 3544600.74905643
-1927503.29753694 3544600.74905643
-1927503.29753694 3547582.64218333
-1927503.29753694 3550564.53531023
-1927503.29753694 3553546.42843714
-1927503.29753694 3556528.32156404
-1924521.40441003 3568455.89407165
-1924521.40441003 3571437.78719856
-1924521.40441003 3574419.68032546
-1921539.51128313 3574419.68032546
-1921539.51128313 3577401.57345236
