-1956990.1381548 3814375.73842957
-1954019.70003591 3814375.73842957
-1951049.26191702 3814375.73842957
-1959960.57627369 3817346.17654846
-1956990.1381548 3817346.17654846
-1954019.70003591 3817346.17654846
-1951049.26191702 3817346.17654846
-1948078.82379813 3817346.17654846
-1959960.57627369 3820316.61466735
-1956990.1381548 3820316.61466735
-1954019.70003591 3820316.61466735
-1951049.26191702 3820316.61466735
-1959960.57627369 3823287.05278624
-1956990.1381548 3823287.05278624
-1954019.70003591 3823287.05278624
-1951049.26191702 3823287.05278624
-1959960.57627369 3826257.49090513
-1956990.1381548 3826257.49090513
-1954019.70003591 3826257.49090513
-1951049.26191702 3826257.49090513
-1959960.57627369 3829227.92902402
-1956990.1381548 3829227.92902402
-1954019.70003591 3829227.92902402
-1956990.1381548 3832198.36714291
-1954019.70003591 3832198.36714291
-1866339.43351795 4093454.25804575
-1863364.53317999 4093454.25804575
-1860389.63284203 4093454.25804575
-1869314.33385591 4096429.15838372
-1866339.43351795 4096429.15838372
-1863364.53317999 4096429.15838372
-1860389.63284203 4096429.15838372
-1869314.33385591 4099404.05872168
-1866339.43351795 4099404.05872168
-1863364.53317999 4099404.05872168
-1860389.63284203 4099404.05872168
-1869314.33385591 4102378.95905964
-1866339.43351795 4102378.95905964
-1863364.53317999 4102378.95905964
-1860389.63284203 4102378.95905964
-1869314.33385591 4105353.8593976
-1866339.43351795 4105353.8593976
-1863364.53317999 4105353.8593976
-1860389.63284203 4105353.8593976
-1872289.23419388 4108328.75973557
-1869314.33385591 4108328.75973557
-1866339.43351795 4108328.75973557
-1863364.53317999 4108328.75973557
-1872289.23419388 4111303.66007353
-1869314.33385591 4111303.66007353
-1866339.43351795 4111303.66007353
-1863364.53317999 4111303.66007353
-1872289.23419388 4114278.56041149
-1869314.33385591 4114278.56041149
-1866339.43351795 4114278.56041149
-1863364.53317999 4114278.56041149
-1872289.23419388 4117253.46074945
-1869314.33385591 4117253.46074945
-1866339.43351795 4117253.46074945
-1872289.23419388 4120228.36108742
-1869314.33385591 4120228.36108742
-1872289.23419388 4123203.26142538
-1848464.77391764 3806052.56694903
-1845472.89167384 3806052.56694903
-1842481.00943004 3806052.56694903
-1839489.12718624 3806052.56694903
-1836497.24494244 3806052.56694903
-1833505.36269864 3806052.56694903
-1851456.65616144 3809044.44919283
-1848464.77391764 3809044.44919283
-1845472.89167384 3809044.44919283
-1842481.00943004 3809044.44919283
-1839489.12718624 3809044.44919283
-1836497.24494244 3809044.44919283
-1833505.36269864 3809044.44919283
-1830513.48045485 3809044.44919283
-1854448.53840524 3812036.33143663
-1851456.65616144 3812036.33143663
-1848464.77391764 3812036.33143663
-1845472.89167384 3812036.33143663
-1842481.00943004 3812036.33143663
-1839489.12718624 3812036.33143663
-1836497.24494244 3812036.33143663
-1833505.36269864 3812036.33143663
-1830513.48045485 3812036.33143663
-1854448.53840524 3815028.21368043
-1851456.65616144 3815028.21368043
-1848464.77391764 3815028.21368043
-1845472.89167384 3815028.21368043
-1842481.00943004 3815028.21368043
-1839489.12718624 3815028.21368043
-1836497.24494244 3815028.21368043
-1833505.36269864 3815028.21368043
-1830513.48045485 3815028.21368043
-1854448.53840524 3818020.09592423
-1851456.65616144 3818020.09592423
-1848464.77391764 3818020.09592423
-1845472.89167384 3818020.09592423
-1842481.00943004 3818020.09592423
-1839489.12718624 3818020.09592423
-1836497.24494244 3818020.09592423
-1833505.36269864 3818020.09592423
-1830513.48045485 3818020.09592423
-1854448.53840524 3821011.97816803
-1851456.65616144 3821011.97816803
-1848464.77391764 3821011.97816803
-1845472.89167384 3821011.97816803
-1842481.00943004 3821011.97816803
-1839489.12718624 3821011.97816803
-1836497.24494244 3821011.97816803
-1833505.36269864 3821011.97816803
-1830513.48045485 3821011.97816803
-1854448.53840524 3824003.86041182
-1851456.65616144 3824003.86041182
-1848464.77391764 3824003.86041182
-1845472.89167384 3824003.86041182
-1842481.00943004 3824003.86041182
-1839489.12718624 3824003.86041182
-1836497.24494244 3824003.86041182
-1833505.36269864 3824003.86041182
-1830513.48045485 3824003.86041182
-1854448.53840524 3826995.74265562
-1851456.65616144 3826995.74265562
-1848464.77391764 3826995.74265562
-1845472.89167384 3826995.74265562
-1842481.00943004 3826995.74265562
-1839489.12718624 3826995.74265562
-1836497.24494244 3826995.74265562
-1833505.36269864 3826995.74265562
-1830513.48045485 3826995.74265562
-1851456.65616144 3829987.62489942
-1848464.77391764 3829987.62489942
-1845472.89167384 3829987.62489942
-1842481.00943004 3829987.62489942
-1839489.12718624 3829987.62489942
-1836497.24494244 3829987.62489942
-1833505.36269864 3829987.62489942
-1830513.48045485 3829987.62489942
-1848464.77391764 3832979.50714322
-1845472.89167384 3832979.50714322
-1842481.00943004 3832979.50714322
-1839489.12718624 3832979.50714322
-1836497.24494244 3832979.50714322
-1833505.36269864 3832979.50714322
-1785635.24679787 4045403.14645292
-1788627.12904167 4048395.02869672
-1785635.24679787 4048395.02869672
-1782643.36455407 4048395.02869672
-1791619.01128546 4051386.91094052
-1788627.12904167 4051386.91094052
-1785635.24679787 4051386.91094052
-1782643.36455407 4051386.91094052
-1791619.01128546 4054378.79318432
-1788627.12904167 4054378.79318432
-1785635.24679787 4054378.79318432
-1782643.36455407 4054378.79318432
-1791619.01128546 4057370.67542812
-1788627.12904167 4057370.67542812
-1785635.24679787 4057370.67542812
-1782643.36455407 4057370.67542812
-1791619.01128546 4060362.55767192
-1788627.12904167 4060362.55767192
-1785635.24679787 4060362.55767192
-1782643.36455407 4060362.55767192
-1779651.48231027 4060362.55767192
-1791619.01128546 4063354.43991571
-1788627.12904167 4063354.43991571
-1785635.24679787 4063354.43991571
-1782643.36455407 4063354.43991571
-1779651.48231027 4063354.43991571
-1788627.12904167 4066346.32215951
-1785635.24679787 4066346.32215951
-1782643.36455407 4066346.32215951
-1779651.48231027 4066346.32215951
-1782643.36455407 4069338.20440331
-1779651.48231027 4069338.20440331
-2041424.20527161 3307006.55722781
-2038427.03356113 3307006.55722781
-2041424.20527161 3310003.7289383
-2038427.03356113 3310003.7289383
-2035429.86185064 3310003.7289383
-2041424.20527161 3313000.90064878
-2038427.03356113 3313000.90064878
-2035429.86185064 3313000.90064878
-2032432.69014016 3313000.90064878
-2041424.20527161 3315998.07235927
-2038427.03356113 3315998.07235927
-2035429.86185064 3315998.07235927
-2032432.69014016 3315998.07235927
-2029435.51842967 3315998.07235927
-2026438.34671919 3315998.07235927
-2038427.03356113 3318995.24406975
-2035429.86185064 3318995.24406975
-2032432.69014016 3318995.24406975
-2029435.51842967 3318995.24406975
-2026438.34671919 3318995.24406975
-2038427.03356113 3321992.41578024
-2035429.86185064 3321992.41578024
-2032432.69014016 3321992.41578024
-2029435.51842967 3321992.41578024
-2026438.34671919 3321992.41578024
-2038427.03356113 3324989.58749072
-2035429.86185064 3324989.58749072
-2032432.69014016 3324989.58749072
-2029435.51842967 3324989.58749072
-2026438.34671919 3324989.58749072
-2023441.1750087 3324989.58749072
-2038427.03356113 3327986.75920121
-2035429.86185064 3327986.75920121
-2032432.69014016 3327986.75920121
-2029435.51842967 3327986.75920121
-2026438.34671919 3327986.75920121
-2023441.1750087 3327986.75920121
-2038427.03356113 3330983.93091169
-2035429.86185064 3330983.93091169
-2032432.69014016 3330983.93091169
-2029435.51842967 3330983.93091169
-2026438.34671919 3330983.93091169
-2023441.1750087 3330983.93091169
-2020444.00329822 3330983.93091169
-2038427.03356113 3333981.10262218
-2035429.86185064 3333981.10262218
-2032432.69014016 3333981.10262218
-2029435.51842967 3333981.10262218
-2026438.34671919 3333981.10262218
-2023441.1750087 3333981.10262218
-2020444.00329822 3333981.10262218
-2035429.86185064 3336978.27433266
-2032432.69014016 3336978.27433266
-2029435.51842967 3336978.27433266
-2026438.34671919 3336978.27433266
-2023441.1750087 3336978.27433266
-2020444.00329822 3336978.27433266
-2035429.86185064 3339975.44604315
-2032432.69014016 3339975.44604315
-2029435.51842967 3339975.44604315
-2026438.34671919 3339975.44604315
-2023441.1750087 3339975.44604315
-2020444.00329822 3339975.44604315
-2017446.83158773 3339975.44604315
-2035429.86185064 3342972.61775363
-2032432.69014016 3342972.61775363
-2029435.51842967 3342972.61775363
-2026438.34671919 3342972.61775363
-2023441.1750087 3342972.61775363
-2020444.00329822 3342972.61775363
-2017446.83158773 3342972.61775363
-2035429.86185064 3345969.78946412
-2032432.69014016 3345969.78946412
-2029435.51842967 3345969.78946412
-2026438.34671919 3345969.78946412
-2023441.1750087 3345969.78946412
-2020444.00329822 3345969.78946412
-2017446.83158773 3345969.78946412
-2014449.65987724 3345969.78946412
-2035429.86185064 3348966.9611746
-2032432.69014016 3348966.9611746
-2029435.51842967 3348966.9611746
-2026438.34671919 3348966.9611746
-2023441.1750087 3348966.9611746
-2020444.00329822 3348966.9611746
-2017446.83158773 3348966.9611746
-2014449.65987724 3348966.9611746
-2032432.69014016 3351964.13288509
-2029435.51842967 3351964.13288509
-2026438.34671919 3351964.13288509
-2023441.1750087 3351964.13288509
-2020444.00329822 3351964.13288509
-2017446.83158773 3351964.13288509
-2014449.65987724 3351964.13288509
-2032432.69014016 3354961.30459557
-2029435.51842967 3354961.30459557
-2026438.34671919 3354961.30459557
-2023441.1750087 3354961.30459557
-2020444.00329822 3354961.30459557
-2017446.83158773 3354961.30459557
-2014449.65987724 3354961.30459557
-2011452.48816676 3354961.30459557
-2032432.69014016 3357958.47630606
-2029435.51842967 3357958.47630606
-2026438.34671919 3357958.47630606
-2023441.1750087 3357958.47630606
-2020444.00329822 3357958.47630606
-2017446.83158773 3357958.47630606
-2014449.65987724 3357958.47630606
-2011452.48816676 3357958.47630606
-2032432.69014016 3360955.64801654
-2029435.51842967 3360955.64801654
-2026438.34671919 3360955.64801654
-2023441.1750087 3360955.64801654
-2020444.00329822 3360955.64801654
-2017446.83158773 3360955.64801654
-2014449.65987724 3360955.64801654
-2011452.48816676 3360955.64801654
-2032432.69014016 3363952.81972703
-2029435.51842967 3363952.81972703
-2026438.34671919 3363952.81972703
-2023441.1750087 3363952.81972703
-2020444.00329822 3363952.81972703
-2017446.83158773 3363952.81972703
-2014449.65987724 3363952.81972703
-2011452.48816676 3363952.81972703
-2008455.31645627 3363952.81972703
-2032432.69014016 3366949.99143752
-2029435.51842967 3366949.99143752
-2026438.34671919 3366949.99143752
-2023441.1750087 3366949.99143752
-2020444.00329822 3366949.99143752
-2017446.83158773 3366949.99143752
-2014449.65987724 3366949.99143752
-2011452.48816676 3366949.99143752
-2008455.31645627 3366949.99143752
-2005458.14474579 3366949.99143752
-2002460.9730353 3366949.99143752
-2029435.51842967 3369947.163148
-2026438.34671919 3369947.163148
-2023441.1750087 3369947.163148
-2020444.00329822 3369947.163148
-2017446.83158773 3369947.163148
-2014449.65987724 3369947.163148
-2011452.48816676 3369947.163148
-2008455.31645627 3369947.163148
-2005458.14474579 3369947.163148
-2002460.9730353 3369947.163148
-2029435.51842967 3372944.33485849
-2026438.34671919 3372944.33485849
-2023441.1750087 3372944.33485849
-2020444.00329822 3372944.33485849
-2017446.83158773 3372944.33485849
-2014449.65987724 3372944.33485849
-2011452.48816676 3372944.33485849
-2008455.31645627 3372944.33485849
-2005458.14474579 3372944.33485849
-2002460.9730353 3372944.33485849
-2029435.51842967 3375941.50656897
-2026438.34671919 3375941.50656897
-2023441.1750087 3375941.50656897
-2020444.00329822 3375941.50656897
-2017446.83158773 3375941.50656897
-2014449.65987724 3375941.50656897
-2011452.48816676 3375941.50656897
-2008455.31645627 3375941.50656897
-2005458.14474579 3375941.50656897
-2002460.9730353 3375941.50656897
-2029435.51842967 3378938.67827946
-2026438.34671919 3378938.67827946
-2023441.1750087 3378938.67827946
-2020444.00329822 3378938.67827946
-2017446.83158773 3378938.67827946
-2014449.65987724 3378938.67827946
-2011452.48816676 3378938.67827946
-2008455.31645627 3378938.67827946
-2005458.14474579 3378938.67827946
-2002460.9730353 3378938.67827946
-2029435.51842967 3381935.84998994
-2026438.34671919 3381935.84998994
-2023441.1750087 3381935.84998994
-2020444.00329822 3381935.84998994
-2017446.83158773 3381935.84998994
-2014449.65987724 3381935.84998994
-2011452.48816676 3381935.84998994
-2008455.31645627 3381935.84998994
-2005458.14474579 3381935.84998994
-2029435.51842967 3384933.02170043
-2026438.34671919 3384933.02170043
-2023441.1750087 3384933.02170043
-2020444.00329822 3384933.02170043
-2017446.83158773 3384933.02170043
-2014449.65987724 3384933.02170043
-2011452.48816676 3384933.02170043
-2008455.31645627 3384933.02170043
-2005458.14474579 3384933.02170043
-2029435.51842967 3387930.19341091
-2026438.34671919 3387930.19341091
-2023441.1750087 3387930.19341091
-2020444.00329822 3387930.19341091
-2017446.83158773 3387930.19341091
-2014449.65987724 3387930.19341091
-2011452.48816676 3387930.19341091
-2008455.31645627 3387930.19341091
-2005458.14474579 3387930.19341091
-2026438.34671919 3390927.3651214
-2023441.1750087 3390927.3651214
-2020444.00329822 3390927.3651214
-2017446.83158773 3390927.3651214
-2014449.65987724 3390927.3651214
-2011452.48816676 3390927.3651214
-2008455.31645627 3390927.3651214
-2005458.14474579 3390927.3651214
-2023441.1750087 3393924.53683188
-2020444.00329822 3393924.53683188
-2017446.83158773 3393924.53683188
-2014449.65987724 3393924.53683188
-2011452.48816676 3393924.53683188
-2008455.31645627 3393924.53683188
-2005458.14474579 3393924.53683188
-2023441.1750087 3396921.70854237
-2020444.00329822 3396921.70854237
-2017446.83158773 3396921.70854237
-2014449.65987724 3396921.70854237
-2011452.48816676 3396921.70854237
-2008455.31645627 3396921.70854237
-2005458.14474579 3396921.70854237
-2020444.00329822 3399918.88025285
-2017446.83158773 3399918.88025285
-2014449.65987724 3399918.88025285
-2011452.48816676 3399918.88025285
-2008455.31645627 3399918.88025285
-2005458.14474579 3399918.88025285
-2017446.83158773 3402916.05196334
-2014449.65987724 3402916.05196334
-2011452.48816676 3402916.05196334
-2008455.31645627 3402916.05196334
-2005458.14474579 3402916.05196334
-2017446.83158773 3405913.22367382
-2014449.65987724 3405913.22367382
-2011452.48816676 3405913.22367382
-2008455.31645627 3405913.22367382
-2005458.14474579 3405913.22367382
-2014449.65987724 3408910.39538431
-2011452.48816676 3408910.39538431
-2008455.31645627 3408910.39538431
-2005458.14474579 3408910.39538431
-2011452.48816676 3411907.56709479
-2008455.31645627 3411907.56709479
-2005458.14474579 3411907.56709479
-2014449.65987724 3414904.73880528
-2011452.48816676 3414904.73880528
-2008455.31645627 3414904.73880528
-2005458.14474579 3414904.73880528
-2017446.83158773 3417901.91051576
-2014449.65987724 3417901.91051576
-2011452.48816676 3417901.91051576
-2008455.31645627 3417901.91051576
-2020444.00329822 3420899.08222625
-2017446.83158773 3420899.08222625
-2014449.65987724 3420899.08222625
-2011452.48816676 3420899.08222625
-2020444.00329822 3423896.25393673
-2017446.83158773 3423896.25393673
-2014449.65987724 3423896.25393673
-2023441.1750087 3426893.42564722
-2020444.00329822 3426893.42564722
-2017446.83158773 3426893.42564722
-2014449.65987724 3426893.42564722
-2026438.34671919 3429890.59735771
-2023441.1750087 3429890.59735771
-2020444.00329822 3429890.59735771
-2017446.83158773 3429890.59735771
-2026438.34671919 3432887.76906819
-2023441.1750087 3432887.76906819
-2020444.00329822 3432887.76906819
-2026438.34671919 3435884.94077868
-2023441.1750087 3435884.94077868
-2026438.34671919 3438882.11248916
-2023441.1750087 3438882.11248916
-2026438.34671919 3441879.28419965
-2023441.1750087 3441879.28419965
-2026438.34671919 3444876.45591013
-2023441.1750087 3444876.45591013
-2020444.00329822 3444876.45591013
-2023441.1750087 3447873.62762062
-2020444.00329822 3447873.62762062
-2017446.83158773 3447873.62762062
-2020444.00329822 3450870.7993311
-2017446.83158773 3450870.7993311
-2014449.65987724 3450870.7993311
-2014449.65987724 3453867.97104159
-2011452.48816676 3453867.97104159
-2011452.48816676 3456865.14275207
-2008455.31645627 3456865.14275207
-2005458.14474579 3456865.14275207
-2005458.14474579 3459862.31446256
-2002460.9730353 3459862.31446256
-1999463.80132482 3462859.48617304
-1996466.62961433 3465856.65788353
-2122292.01867209 3504807.65890162
-2119729.25027631 3504807.65890162
-1689476.2460993 3938691.25053728
-1689476.2460993 3941368.57484963
-1692153.57041166 3944045.89916199
-1689476.2460993 3944045.89916199
