-2030146.58068611 3470299.83506317
-2027263.16174839 3470299.83506317
-2024379.74281066 3470299.83506317
-2033029.99962384 3473183.25400089
-2030146.58068611 3473183.25400089
-2027263.16174839 3473183.25400089
-2024379.74281066 3473183.25400089
-2021496.32387294 3473183.25400089
-2033029.99962384 3476066.67293862
-2030146.58068611 3476066.67293862
-2027263.16174839 3476066.67293862
-2030146.58068611 3478950.09187634
-2027263.16174839 3478950.09187634
-2027263.16174839 3481833.51081407
-2040600.97018953 3367958.01467988
-2037610.57045989 3370948.41440952
-2034620.17073025 3376929.2138688
-2034620.17073025 3379919.61359844
-1998735.37397458 3472622.00521726
-1995744.97424494 3472622.00521726
-1995744.97424494 3475612.4049469
-1992754.5745153 3478602.80467654
-1992754.5745153 3481593.20440617
-1989764.17478566 3481593.20440617
-1989764.17478566 3484583.60413581
-1986773.77505602 3487574.00386545
-1983783.37532638 3490564.40359509
-1980792.97559674 3493554.80332473
-1977802.5758671 3496545.20305437
-1974812.17613746 3499535.60278401
-1995744.97424494 3505516.40224329
-1992754.5745153 3505516.40224329
-1989764.17478566 3505516.40224329
-1986773.77505602 3505516.40224329
-1983783.37532638 3505516.40224329
-1980792.97559674 3505516.40224329
-1977802.5758671 3505516.40224329
-1974812.17613746 3505516.40224329
-1995744.97424494 3508506.80197293
-1992754.5745153 3511497.20170257
-1989764.17478566 3511497.20170257
-1986773.77505602 3511497.20170257
-1983783.37532638 3514487.60143221
-1980792.97559674 3517478.00116185
-1977802.5758671 3517478.00116185
-1974812.17613746 3520468.40089148
-1965840.97694855 3520468.40089148
-1962850.57721891 3520468.40089148
-1971821.77640782 3523458.80062112
-1968831.37667819 3523458.80062112
-1959860.17748927 3523458.80062112
-1953879.37802999 3532429.99981004
-1953879.37802999 3535420.39953968
-1829197.06303766 4015226.42123635
-1832106.62287796 4018135.98107666
-1829197.06303766 4018135.98107666
-1832106.62287796 4021045.54091696
-1832106.62287796 4023955.10075726
-1829197.06303766 4026864.66059756
-1814649.26383615 4096694.09676481
-1817558.82367645 4099603.65660511
-1814649.26383615 4099603.65660511
