-1594980.32828083 2946579.7539297
-1591980.41409564 2946579.7539297
-1588980.49991046 2946579.7539297
-1585980.58572527 2946579.7539297
-1582980.67154009 2946579.7539297
-1579980.7573549 2946579.7539297
-1576980.84316971 2946579.7539297
-1600980.1566512 2949579.66811489
-1597980.24246602 2949579.66811489
-1594980.32828083 2949579.66811489
-1591980.41409564 2949579.66811489
-1588980.49991046 2949579.66811489
-1585980.58572527 2949579.66811489
-1582980.67154009 2949579.66811489
-1579980.7573549 2949579.66811489
-1576980.84316971 2949579.66811489
-1573980.92898453 2949579.66811489
-1570981.01479934 2949579.66811489
-1603980.07083639 2952579.58230008
-1600980.1566512 2952579.58230008
-1597980.24246602 2952579.58230008
-1594980.32828083 2952579.58230008
-1591980.41409564 2952579.58230008
-1588980.49991046 2952579.58230008
-1585980.58572527 2952579.58230008
-1582980.67154009 2952579.58230008
-1579980.7573549 2952579.58230008
-1576980.84316971 2952579.58230008
-1573980.92898453 2952579.58230008
-1570981.01479934 2952579.58230008
-1567981.10061415 2952579.58230008
-1606979.98502158 2955579.49648526
-1603980.07083639 2955579.49648526
-1600980.1566512 2955579.49648526
-1597980.24246602 2955579.49648526
-1594980.32828083 2955579.49648526
-1591980.41409564 2955579.49648526
-1588980.49991046 2955579.49648526
-1585980.58572527 2955579.49648526
-1582980.67154009 2955579.49648526
-1579980.7573549 2955579.49648526
-1576980.84316971 2955579.49648526
-1573980.92898453 2955579.49648526
-1570981.01479934 2955579.49648526
-1567981.10061415 2955579.49648526
-1564981.18642897 2955579.49648526
-1606979.98502158 2958579.41067045
-1603980.07083639 2958579.41067045
-1600980.1566512 2958579.41067045
-1597980.24246602 2958579.41067045
-1594980.32828083 2958579.41067045
-1591980.41409564 2958579.41067045
-1588980.49991046 2958579.41067045
-1585980.58572527 2958579.41067045
-1582980.67154009 2958579.41067045
-1579980.7573549 2958579.41067045
-1576980.84316971 2958579.41067045
-1573980.92898453 2958579.41067045
-1570981.01479934 2958579.41067045
-1567981.10061415 2958579.41067045
-1564981.18642897 2958579.41067045
-1609979.89920676 2961579.32485564
-1606979.98502158 2961579.32485564
-1603980.07083639 2961579.32485564
-1600980.1566512 2961579.32485564
-1597980.24246602 2961579.32485564
-1594980.32828083 2961579.32485564
-1591980.41409564 2961579.32485564
-1588980.49991046 2961579.32485564
-1585980.58572527 2961579.32485564
-1582980.67154009 2961579.32485564
-1579980.7573549 2961579.32485564
-1576980.84316971 2961579.32485564
-1573980.92898453 2961579.32485564
-1570981.01479934 2961579.32485564
-1567981.10061415 2961579.32485564
-1564981.18642897 2961579.32485564
-1561981.27224378 2961579.32485564
-1609979.89920676 2964579.23904082
-1606979.98502158 2964579.23904082
-1603980.07083639 2964579.23904082
-1600980.1566512 2964579.23904082
-1597980.24246602 2964579.23904082
-1594980.32828083 2964579.23904082
-1591980.41409564 2964579.23904082
-1588980.49991046 2964579.23904082
-1585980.58572527 2964579.23904082
-1582980.67154009 2964579.23904082
-1579980.7573549 2964579.23904082
-1576980.84316971 2964579.23904082
-1573980.92898453 2964579.23904082
-1570981.01479934 2964579.23904082
-1567981.10061415 2964579.23904082
-1564981.18642897 2964579.23904082
-1561981.27224378 2964579.23904082
-1609979.89920676 2967579.15322601
-1606979.98502158 2967579.15322601
-1603980.07083639 2967579.15322601
-1600980.1566512 2967579.15322601
-1597980.24246602 2967579.15322601
-1594980.32828083 2967579.15322601
-1591980.41409564 2967579.15322601
-1588980.49991046 2967579.15322601
-1585980.58572527 2967579.15322601
-1582980.67154009 2967579.15322601
-1579980.7573549 2967579.15322601
-1576980.84316971 2967579.15322601
-1573980.92898453 2967579.15322601
-1570981.01479934 2967579.15322601
-1567981.10061415 2967579.15322601
-1564981.18642897 2967579.15322601
-1561981.27224378 2967579.15322601
-1609979.89920676 2970579.0674112
-1606979.98502158 2970579.0674112
-1603980.07083639 2970579.0674112
-1600980.1566512 2970579.0674112
-1597980.24246602 2970579.0674112
-1594980.32828083 2970579.0674112
-1591980.41409564 2970579.0674112
-1588980.49991046 2970579.0674112
-1585980.58572527 2970579.0674112
-1582980.67154009 2970579.0674112
-1579980.7573549 2970579.0674112
-1576980.84316971 2970579.0674112
-1573980.92898453 2970579.0674112
-1570981.01479934 2970579.0674112
-1567981.10061415 2970579.0674112
-1564981.18642897 2970579.0674112
-1561981.27224378 2970579.0674112
-1609979.89920676 2973578.98159638
-1606979.98502158 2973578.98159638
-1603980.07083639 2973578.98159638
-1600980.1566512 2973578.98159638
-1597980.24246602 2973578.98159638
-1594980.32828083 2973578.98159638
-1591980.41409564 2973578.98159638
-1588980.49991046 2973578.98159638
-1585980.58572527 2973578.98159638
-1582980.67154009 2973578.98159638
-1579980.7573549 2973578.98159638
-1576980.84316971 2973578.98159638
-1573980.92898453 2973578.98159638
-1570981.01479934 2973578.98159638
-1567981.10061415 2973578.98159638
-1564981.18642897 2973578.98159638
-1561981.27224378 2973578.98159638
-1609979.89920676 2976578.89578157
-1606979.98502158 2976578.89578157
-1603980.07083639 2976578.89578157
-1600980.1566512 2976578.89578157
-1597980.24246602 2976578.89578157
-1594980.32828083 2976578.89578157
-1591980.41409564 2976578.89578157
-1588980.49991046 2976578.89578157
-1585980.58572527 2976578.89578157
-1582980.67154009 2976578.89578157
-1579980.7573549 2976578.89578157
-1576980.84316971 2976578.89578157
-1573980.92898453 2976578.89578157
-1570981.01479934 2976578.89578157
-1567981.10061415 2976578.89578157
-1564981.18642897 2976578.89578157
-1561981.27224378 2976578.89578157
-1609979.89920676 2979578.80996675
-1606979.98502158 2979578.80996675
-1603980.07083639 2979578.80996675
-1600980.1566512 2979578.80996675
-1597980.24246602 2979578.80996675
-1594980.32828083 2979578.80996675
-1591980.41409564 2979578.80996675
-1588980.49991046 2979578.80996675
-1585980.58572527 2979578.80996675
-1582980.67154009 2979578.80996675
-1579980.7573549 2979578.80996675
-1576980.84316971 2979578.80996675
-1573980.92898453 2979578.80996675
-1570981.01479934 2979578.80996675
-1567981.10061415 2979578.80996675
-1564981.18642897 2979578.80996675
-1606979.98502158 2982578.72415194
-1603980.07083639 2982578.72415194
-1600980.1566512 2982578.72415194
-1597980.24246602 2982578.72415194
-1594980.32828083 2982578.72415194
-1591980.41409564 2982578.72415194
-1588980.49991046 2982578.72415194
-1585980.58572527 2982578.72415194
-1582980.67154009 2982578.72415194
-1579980.7573549 2982578.72415194
-1576980.84316971 2982578.72415194
-1573980.92898453 2982578.72415194
-1570981.01479934 2982578.72415194
-1567981.10061415 2982578.72415194
-1564981.18642897 2982578.72415194
-1606979.98502158 2985578.63833713
-1603980.07083639 2985578.63833713
-1600980.1566512 2985578.63833713
-1597980.24246602 2985578.63833713
-1594980.32828083 2985578.63833713
-1591980.41409564 2985578.63833713
-1588980.49991046 2985578.63833713
-1585980.58572527 2985578.63833713
-1582980.67154009 2985578.63833713
-1579980.7573549 2985578.63833713
-1576980.84316971 2985578.63833713
-1573980.92898453 2985578.63833713
-1570981.01479934 2985578.63833713
-1567981.10061415 2985578.63833713
-1603980.07083639 2988578.55252231
-1600980.1566512 2988578.55252231
-1597980.24246602 2988578.55252231
-1594980.32828083 2988578.55252231
-1591980.41409564 2988578.55252231
-1588980.49991046 2988578.55252231
-1585980.58572527 2988578.55252231
-1582980.67154009 2988578.55252231
-1579980.7573549 2988578.55252231
-1576980.84316971 2988578.55252231
-1573980.92898453 2988578.55252231
-1570981.01479934 2988578.55252231
-1600980.1566512 2991578.4667075
-1597980.24246602 2991578.4667075
-1594980.32828083 2991578.4667075
-1591980.41409564 2991578.4667075
-1588980.49991046 2991578.4667075
-1585980.58572527 2991578.4667075
-1582980.67154009 2991578.4667075
-1579980.7573549 2991578.4667075
-1576980.84316971 2991578.4667075
-1573980.92898453 2991578.4667075
-1594980.32828083 2994578.38089269
-1591980.41409564 2994578.38089269
-1588980.49991046 2994578.38089269
-1585980.58572527 2994578.38089269
-1582980.67154009 2994578.38089269
-1579980.7573549 2994578.38089269
-2017968.22839212 3264570.65755947
-2017968.22839212 3267570.57174465
-2014968.31420693 3267570.57174465
-2011968.40002174 3267570.57174465
-2008968.48583656 3267570.57174465
-2005968.57165137 3267570.57174465
-2017968.22839212 3270570.48592984
-2014968.31420693 3270570.48592984
-2011968.40002174 3270570.48592984
-2008968.48583656 3270570.48592984
-2005968.57165137 3270570.48592984
-2002968.65746619 3270570.48592984
-1999968.743281 3270570.48592984
-2017968.22839212 3273570.40011502
-2014968.31420693 3273570.40011502
-2011968.40002174 3273570.40011502
-2008968.48583656 3273570.40011502
-2005968.57165137 3273570.40011502
-2002968.65746619 3273570.40011502
-1999968.743281 3273570.40011502
-1996968.82909581 3273570.40011502
-2017968.22839212 3276570.31430021
-2014968.31420693 3276570.31430021
-2011968.40002174 3276570.31430021
-2008968.48583656 3276570.31430021
-2005968.57165137 3276570.31430021
-2002968.65746619 3276570.31430021
-1999968.743281 3276570.31430021
-1996968.82909581 3276570.31430021
-1993968.91491063 3276570.31430021
-1990969.00072544 3276570.31430021
-2017968.22839212 3279570.2284854
-2014968.31420693 3279570.2284854
-2011968.40002174 3279570.2284854
-2008968.48583656 3279570.2284854
-2005968.57165137 3279570.2284854
-2002968.65746619 3279570.2284854
-1999968.743281 3279570.2284854
-1996968.82909581 3279570.2284854
-1993968.91491063 3279570.2284854
-1990969.00072544 3279570.2284854
-1987969.08654025 3279570.2284854
-2014968.31420693 3282570.14267058
-2011968.40002174 3282570.14267058
-2008968.48583656 3282570.14267058
-2005968.57165137 3282570.14267058
-2002968.65746619 3282570.14267058
-1999968.743281 3282570.14267058
-1996968.82909581 3282570.14267058
-1993968.91491063 3282570.14267058
-1990969.00072544 3282570.14267058
-1987969.08654025 3282570.14267058
-1984969.17235507 3282570.14267058
-2014968.31420693 3285570.05685577
-2011968.40002174 3285570.05685577
-2008968.48583656 3285570.05685577
-2005968.57165137 3285570.05685577
-2002968.65746619 3285570.05685577
-1999968.743281 3285570.05685577
-1996968.82909581 3285570.05685577
-1993968.91491063 3285570.05685577
-1990969.00072544 3285570.05685577
-1987969.08654025 3285570.05685577
-1984969.17235507 3285570.05685577
-1981969.25816988 3285570.05685577
-1978969.34398469 3285570.05685577
-2014968.31420693 3288569.97104096
-2011968.40002174 3288569.97104096
-2008968.48583656 3288569.97104096
-2005968.57165137 3288569.97104096
-2002968.65746619 3288569.97104096
-1999968.743281 3288569.97104096
-1996968.82909581 3288569.97104096
-1993968.91491063 3288569.97104096
-1990969.00072544 3288569.97104096
-1987969.08654025 3288569.97104096
-1984969.17235507 3288569.97104096
-1981969.25816988 3288569.97104096
-1978969.34398469 3288569.97104096
-2011968.40002174 3291569.88522614
-2008968.48583656 3291569.88522614
-2005968.57165137 3291569.88522614
-2002968.65746619 3291569.88522614
-1999968.743281 3291569.88522614
-1996968.82909581 3291569.88522614
-1993968.91491063 3291569.88522614
-1990969.00072544 3291569.88522614
-1987969.08654025 3291569.88522614
-1984969.17235507 3291569.88522614
-1981969.25816988 3291569.88522614
-1978969.34398469 3291569.88522614
-1975969.42979951 3291569.88522614
-2011968.40002174 3294569.79941133
-2008968.48583656 3294569.79941133
-2005968.57165137 3294569.79941133
-2002968.65746619 3294569.79941133
-1999968.743281 3294569.79941133
-1996968.82909581 3294569.79941133
-1993968.91491063 3294569.79941133
-1990969.00072544 3294569.79941133
-1987969.08654025 3294569.79941133
-1984969.17235507 3294569.79941133
-1981969.25816988 3294569.79941133
-1978969.34398469 3294569.79941133
-1975969.42979951 3294569.79941133
-2011968.40002174 3297569.71359652
-2008968.48583656 3297569.71359652
-2005968.57165137 3297569.71359652
-2002968.65746619 3297569.71359652
-1999968.743281 3297569.71359652
-1996968.82909581 3297569.71359652
-1993968.91491063 3297569.71359652
-1990969.00072544 3297569.71359652
-1987969.08654025 3297569.71359652
-1984969.17235507 3297569.71359652
-1981969.25816988 3297569.71359652
-1978969.34398469 3297569.71359652
-1975969.42979951 3297569.71359652
-1972969.51561432 3297569.71359652
-2008968.48583656 3300569.6277817
-2005968.57165137 3300569.6277817
-2002968.65746619 3300569.6277817
-1999968.743281 3300569.6277817
-1996968.82909581 3300569.6277817
-1993968.91491063 3300569.6277817
-1990969.00072544 3300569.6277817
-1987969.08654025 3300569.6277817
-1984969.17235507 3300569.6277817
-1981969.25816988 3300569.6277817
-1978969.34398469 3300569.6277817
-1975969.42979951 3300569.6277817
-1972969.51561432 3300569.6277817
-2008968.48583656 3303569.54196689
-2005968.57165137 3303569.54196689
-2002968.65746619 3303569.54196689
-1999968.743281 3303569.54196689
-1996968.82909581 3303569.54196689
-1993968.91491063 3303569.54196689
-1990969.00072544 3303569.54196689
-1987969.08654025 3303569.54196689
-1984969.17235507 3303569.54196689
-1981969.25816988 3303569.54196689
-1978969.34398469 3303569.54196689
-1975969.42979951 3303569.54196689
-1972969.51561432 3303569.54196689
-1969969.60142913 3303569.54196689
-2008968.48583656 3306569.45615208
-2005968.57165137 3306569.45615208
-2002968.65746619 3306569.45615208
-1999968.743281 3306569.45615208
-1996968.82909581 3306569.45615208
-1993968.91491063 3306569.45615208
-1990969.00072544 3306569.45615208
-1987969.08654025 3306569.45615208
-1984969.17235507 3306569.45615208
-1981969.25816988 3306569.45615208
-1978969.34398469 3306569.45615208
-1975969.42979951 3306569.45615208
-1972969.51561432 3306569.45615208
-1969969.60142913 3306569.45615208
-2005968.57165137 3309569.37033726
-2002968.65746619 3309569.37033726
-1999968.743281 3309569.37033726
-1996968.82909581 3309569.37033726
-1993968.91491063 3309569.37033726
-1990969.00072544 3309569.37033726
-1987969.08654025 3309569.37033726
-1984969.17235507 3309569.37033726
-1981969.25816988 3309569.37033726
-1978969.34398469 3309569.37033726
-1975969.42979951 3309569.37033726
-1972969.51561432 3309569.37033726
-1969969.60142913 3309569.37033726
-1966969.68724395 3309569.37033726
-2005968.57165137 3312569.28452245
-2002968.65746619 3312569.28452245
-1999968.743281 3312569.28452245
-1996968.82909581 3312569.28452245
-1993968.91491063 3312569.28452245
-1990969.00072544 3312569.28452245
-1987969.08654025 3312569.28452245
-1984969.17235507 3312569.28452245
-1981969.25816988 3312569.28452245
-1978969.34398469 3312569.28452245
-1975969.42979951 3312569.28452245
-1972969.51561432 3312569.28452245
-1969969.60142913 3312569.28452245
-1966969.68724395 3312569.28452245
-2005968.57165137 3315569.19870763
-2002968.65746619 3315569.19870763
-1999968.743281 3315569.19870763
-1996968.82909581 3315569.19870763
-1993968.91491063 3315569.19870763
-1990969.00072544 3315569.19870763
-1987969.08654025 3315569.19870763
-1984969.17235507 3315569.19870763
-1981969.25816988 3315569.19870763
-1978969.34398469 3315569.19870763
-1975969.42979951 3315569.19870763
-1972969.51561432 3315569.19870763
-1969969.60142913 3315569.19870763
-1966969.68724395 3315569.19870763
-2002968.65746619 3318569.11289282
-1999968.743281 3318569.11289282
-1996968.82909581 3318569.11289282
-1993968.91491063 3318569.11289282
-1990969.00072544 3318569.11289282
-1987969.08654025 3318569.11289282
-1984969.17235507 3318569.11289282
-1981969.25816988 3318569.11289282
-1978969.34398469 3318569.11289282
-1975969.42979951 3318569.11289282
-1972969.51561432 3318569.11289282
-1969969.60142913 3318569.11289282
-1966969.68724395 3318569.11289282
-2002968.65746619 3321569.02707801
-1999968.743281 3321569.02707801
-1996968.82909581 3321569.02707801
-1993968.91491063 3321569.02707801
-1990969.00072544 3321569.02707801
-1987969.08654025 3321569.02707801
-1984969.17235507 3321569.02707801
-1981969.25816988 3321569.02707801
-1978969.34398469 3321569.02707801
-1975969.42979951 3321569.02707801
-1972969.51561432 3321569.02707801
-1969969.60142913 3321569.02707801
-2002968.65746619 3324568.94126319
-1999968.743281 3324568.94126319
-1996968.82909581 3324568.94126319
-1993968.91491063 3324568.94126319
-1990969.00072544 3324568.94126319
-1987969.08654025 3324568.94126319
-1984969.17235507 3324568.94126319
-1981969.25816988 3324568.94126319
-1978969.34398469 3324568.94126319
-1975969.42979951 3324568.94126319
-1972969.51561432 3324568.94126319
-1969969.60142913 3324568.94126319
-1999968.743281 3327568.85544838
-1996968.82909581 3327568.85544838
-1993968.91491063 3327568.85544838
-1990969.00072544 3327568.85544838
-1987969.08654025 3327568.85544838
-1984969.17235507 3327568.85544838
-1981969.25816988 3327568.85544838
-1978969.34398469 3327568.85544838
-1975969.42979951 3327568.85544838
-1972969.51561432 3327568.85544838
-1969969.60142913 3327568.85544838
-1999968.743281 3330568.76963357
-1996968.82909581 3330568.76963357
-1993968.91491063 3330568.76963357
-1990969.00072544 3330568.76963357
-1987969.08654025 3330568.76963357
-1984969.17235507 3330568.76963357
-1981969.25816988 3330568.76963357
-1978969.34398469 3330568.76963357
-1975969.42979951 3330568.76963357
-1972969.51561432 3330568.76963357
-1969969.60142913 3330568.76963357
-1999968.743281 3333568.68381875
-1996968.82909581 3333568.68381875
-1993968.91491063 3333568.68381875
-1990969.00072544 3333568.68381875
-1987969.08654025 3333568.68381875
-1984969.17235507 3333568.68381875
-1981969.25816988 3333568.68381875
-1978969.34398469 3333568.68381875
-1975969.42979951 3333568.68381875
-1972969.51561432 3333568.68381875
-1969969.60142913 3333568.68381875
-1996968.82909581 3336568.59800394
-1993968.91491063 3336568.59800394
-1990969.00072544 3336568.59800394
-1987969.08654025 3336568.59800394
-1984969.17235507 3336568.59800394
-1981969.25816988 3336568.59800394
-1978969.34398469 3336568.59800394
-1975969.42979951 3336568.59800394
-1972969.51561432 3336568.59800394
-1996968.82909581 3339568.51218913
-1993968.91491063 3339568.51218913
-1990969.00072544 3339568.51218913
-1987969.08654025 3339568.51218913
-1984969.17235507 3339568.51218913
-1981969.25816988 3339568.51218913
-1978969.34398469 3339568.51218913
-1975969.42979951 3339568.51218913
-1972969.51561432 3339568.51218913
-1996968.82909581 3342568.42637431
-1993968.91491063 3342568.42637431
-1990969.00072544 3342568.42637431
-1987969.08654025 3342568.42637431
-1984969.17235507 3342568.42637431
-1981969.25816988 3342568.42637431
-1978969.34398469 3342568.42637431
-1975969.42979951 3342568.42637431
-1972969.51561432 3342568.42637431
-1993968.91491063 3345568.3405595
-1990969.00072544 3345568.3405595
-1987969.08654025 3345568.3405595
-1984969.17235507 3345568.3405595
-1981969.25816988 3345568.3405595
-1978969.34398469 3345568.3405595
-1993968.91491063 3348568.25474469
-1990969.00072544 3348568.25474469
-1987969.08654025 3348568.25474469
-1984969.17235507 3348568.25474469
-1981969.25816988 3348568.25474469
-1993968.91491063 3351568.16892987
-1990969.00072544 3351568.16892987
-1987969.08654025 3351568.16892987
-1984969.17235507 3351568.16892987
-1453984.36157707 4077547.40174499
-1450984.44739188 4077547.40174499
-1447984.5332067 4077547.40174499
-1444984.61902151 4077547.40174499
-1441984.70483632 4077547.40174499
-1438984.79065114 4077547.40174499
-1435984.87646595 4077547.40174499
-1432984.96228076 4077547.40174499
-1450984.44739188 4080547.31593017
-1447984.5332067 4080547.31593017
-1444984.61902151 4080547.31593017
-1441984.70483632 4080547.31593017
-1438984.79065114 4080547.31593017
-1435984.87646595 4080547.31593017
-1432984.96228076 4080547.31593017
-1429985.04809558 4080547.31593017
-1426985.13391039 4080547.31593017
-1450984.44739188 4083547.23011536
-1447984.5332067 4083547.23011536
-1444984.61902151 4083547.23011536
-1441984.70483632 4083547.23011536
-1438984.79065114 4083547.23011536
-1435984.87646595 4083547.23011536
-1432984.96228076 4083547.23011536
-1429985.04809558 4083547.23011536
-1426985.13391039 4083547.23011536
-1423985.2197252 4083547.23011536
-1450984.44739188 4086547.14430055
-1447984.5332067 4086547.14430055
-1444984.61902151 4086547.14430055
-1441984.70483632 4086547.14430055
-1438984.79065114 4086547.14430055
-1435984.87646595 4086547.14430055
-1432984.96228076 4086547.14430055
-1429985.04809558 4086547.14430055
-1426985.13391039 4086547.14430055
-1423985.2197252 4086547.14430055
-1420985.30554002 4086547.14430055
-1447984.5332067 4089547.05848573
-1444984.61902151 4089547.05848573
-1441984.70483632 4089547.05848573
-1438984.79065114 4089547.05848573
-1435984.87646595 4089547.05848573
-1432984.96228076 4089547.05848573
-1429985.04809558 4089547.05848573
-1426985.13391039 4089547.05848573
-1423985.2197252 4089547.05848573
-1420985.30554002 4089547.05848573
-1447984.5332067 4092546.97267092
-1444984.61902151 4092546.97267092
-1441984.70483632 4092546.97267092
-1438984.79065114 4092546.97267092
-1435984.87646595 4092546.97267092
-1432984.96228076 4092546.97267092
-1429985.04809558 4092546.97267092
-1426985.13391039 4092546.97267092
-1423985.2197252 4092546.97267092
-1420985.30554002 4092546.97267092
-1417985.39135483 4092546.97267092
-1444984.61902151 4095546.88685611
-1441984.70483632 4095546.88685611
-1438984.79065114 4095546.88685611
-1435984.87646595 4095546.88685611
-1432984.96228076 4095546.88685611
-1429985.04809558 4095546.88685611
-1426985.13391039 4095546.88685611
-1423985.2197252 4095546.88685611
-1420985.30554002 4095546.88685611
-1417985.39135483 4095546.88685611
-1444984.61902151 4098546.80104129
-1441984.70483632 4098546.80104129
-1438984.79065114 4098546.80104129
-1435984.87646595 4098546.80104129
-1432984.96228076 4098546.80104129
-1429985.04809558 4098546.80104129
-1426985.13391039 4098546.80104129
-1423985.2197252 4098546.80104129
-1420985.30554002 4098546.80104129
-1417985.39135483 4098546.80104129
-1441984.70483632 4101546.71522648
-1438984.79065114 4101546.71522648
-1435984.87646595 4101546.71522648
-1432984.96228076 4101546.71522648
-1429985.04809558 4101546.71522648
-1426985.13391039 4101546.71522648
-1423985.2197252 4101546.71522648
-1420985.30554002 4101546.71522648
-1417985.39135483 4101546.71522648
-1441984.70483632 4104546.62941166
-1438984.79065114 4104546.62941166
-1435984.87646595 4104546.62941166
-1432984.96228076 4104546.62941166
-1429985.04809558 4104546.62941166
-1426985.13391039 4104546.62941166
-1423985.2197252 4104546.62941166
-1420985.30554002 4104546.62941166
-1417985.39135483 4104546.62941166
-1441984.70483632 4107546.54359685
-1438984.79065114 4107546.54359685
-1435984.87646595 4107546.54359685
-1432984.96228076 4107546.54359685
-1429985.04809558 4107546.54359685
-1426985.13391039 4107546.54359685
-1423985.2197252 4107546.54359685
-1420985.30554002 4107546.54359685
-1417985.39135483 4107546.54359685
-1438984.79065114 4110546.45778204
-1435984.87646595 4110546.45778204
-1432984.96228076 4110546.45778204
-1429985.04809558 4110546.45778204
-1426985.13391039 4110546.45778204
-1423985.2197252 4110546.45778204
-1420985.30554002 4110546.45778204
-1417985.39135483 4110546.45778204
-1438984.79065114 4113546.37196722
-1435984.87646595 4113546.37196722
-1432984.96228076 4113546.37196722
-1429985.04809558 4113546.37196722
-1426985.13391039 4113546.37196722
-1423985.2197252 4113546.37196722
-1420985.30554002 4113546.37196722
-1435984.87646595 4116546.28615241
-1432984.96228076 4116546.28615241
-1429985.04809558 4116546.28615241
-1426985.13391039 4116546.28615241
-1423985.2197252 4116546.28615241
-1435984.87646595 4119546.2003376
-1432984.96228076 4119546.2003376
-1429985.04809558 4119546.2003376
-1426985.13391039 4119546.2003376
-1432984.96228076 4122546.11452278
-1429985.04809558 4122546.11452278
-2203530.11260278 3376240.0945455
-2203530.11260278 3379237.74938795
-2200532.45776033 3379237.74938795
-2197534.80291788 3379237.74938795
-2194537.14807543 3379237.74938795
-2203530.11260278 3382235.4042304
-2200532.45776033 3382235.4042304
-2197534.80291788 3382235.4042304
-2194537.14807543 3382235.4042304
-2191539.49323298 3382235.4042304
-2188541.83839053 3382235.4042304
-2206527.76744523 3385233.05907285
-2203530.11260278 3385233.05907285
-2200532.45776033 3385233.05907285
-2197534.80291788 3385233.05907285
-2194537.14807543 3385233.05907285
-2191539.49323298 3385233.05907285
-2188541.83839053 3385233.05907285
-2206527.76744523 3388230.7139153
-2203530.11260278 3388230.7139153
-2200532.45776033 3388230.7139153
-2197534.80291788 3388230.7139153
-2194537.14807543 3388230.7139153
-2191539.49323298 3388230.7139153
-2188541.83839053 3388230.7139153
-2206527.76744523 3391228.36875775
-2203530.11260278 3391228.36875775
-2200532.45776033 3391228.36875775
-2197534.80291788 3391228.36875775
-2194537.14807543 3391228.36875775
-2191539.49323298 3391228.36875775
-2206527.76744523 3394226.0236002
-2203530.11260278 3394226.0236002
-2200532.45776033 3394226.0236002
-2197534.80291788 3394226.0236002
-2194537.14807543 3394226.0236002
-2191539.49323298 3394226.0236002
-2209525.42228768 3397223.67844265
-2206527.76744523 3397223.67844265
-2203530.11260278 3397223.67844265
-2200532.45776033 3397223.67844265
-2197534.80291788 3397223.67844265
-2194537.14807543 3397223.67844265
-2209525.42228768 3400221.3332851
-2206527.76744523 3400221.3332851
-2203530.11260278 3400221.3332851
-2200532.45776033 3400221.3332851
-2197534.80291788 3400221.3332851
-2194537.14807543 3400221.3332851
-2209525.42228768 3403218.98812756
-2206527.76744523 3403218.98812756
-2203530.11260278 3403218.98812756
-2200532.45776033 3403218.98812756
-2209525.42228768 3406216.64297001
-2206527.76744523 3406216.64297001
-2203530.11260278 3406216.64297001
-2209525.42228768 3409214.29781246
-1780860.77981723 4173616.28263739
-1777863.12497477 4173616.28263739
-1774865.47013232 4173616.28263739
-1771867.81528987 4173616.28263739
-1768870.16044742 4173616.28263739
-1765872.50560497 4173616.28263739
-1762874.85076252 4173616.28263739
-1759877.19592007 4173616.28263739
-1780860.77981723 4176613.93747985
-1777863.12497477 4176613.93747985
-1774865.47013232 4176613.93747985
-1771867.81528987 4176613.93747985
-1768870.16044742 4176613.93747985
-1765872.50560497 4176613.93747985
-1762874.85076252 4176613.93747985
-1759877.19592007 4176613.93747985
-1783858.43465968 4179611.5923223
-1780860.77981723 4179611.5923223
-1777863.12497477 4179611.5923223
-1774865.47013232 4179611.5923223
-1771867.81528987 4179611.5923223
-1768870.16044742 4179611.5923223
-1765872.50560497 4179611.5923223
-1762874.85076252 4179611.5923223
-1759877.19592007 4179611.5923223
-1783858.43465968 4182609.24716475
-1780860.77981723 4182609.24716475
-1777863.12497477 4182609.24716475
-1774865.47013232 4182609.24716475
-1771867.81528987 4182609.24716475
-1768870.16044742 4182609.24716475
-1765872.50560497 4182609.24716475
-1762874.85076252 4182609.24716475
-1759877.19592007 4182609.24716475
-1783858.43465968 4185606.9020072
-1780860.77981723 4185606.9020072
-1777863.12497477 4185606.9020072
-1774865.47013232 4185606.9020072
-1771867.81528987 4185606.9020072
-1768870.16044742 4185606.9020072
-1765872.50560497 4185606.9020072
-1762874.85076252 4185606.9020072
-1759877.19592007 4185606.9020072
-1786856.08950213 4188604.55684965
-1783858.43465968 4188604.55684965
-1780860.77981723 4188604.55684965
-1777863.12497477 4188604.55684965
-1774865.47013232 4188604.55684965
-1771867.81528987 4188604.55684965
-1768870.16044742 4188604.55684965
-1765872.50560497 4188604.55684965
-1762874.85076252 4188604.55684965
-1759877.19592007 4188604.55684965
-1786856.08950213 4191602.2116921
-1783858.43465968 4191602.2116921
-1780860.77981723 4191602.2116921
-1777863.12497477 4191602.2116921
-1774865.47013232 4191602.2116921
-1771867.81528987 4191602.2116921
-1768870.16044742 4191602.2116921
-1765872.50560497 4191602.2116921
-1762874.85076252 4191602.2116921
-1789853.74434458 4194599.86653455
-1786856.08950213 4194599.86653455
-1783858.43465968 4194599.86653455
-1780860.77981723 4194599.86653455
-1777863.12497477 4194599.86653455
-1774865.47013232 4194599.86653455
-1771867.81528987 4194599.86653455
-1768870.16044742 4194599.86653455
-1765872.50560497 4194599.86653455
-1762874.85076252 4194599.86653455
-1789853.74434458 4197597.521377
-1786856.08950213 4197597.521377
-1783858.43465968 4197597.521377
-1780860.77981723 4197597.521377
-1777863.12497477 4197597.521377
-1774865.47013232 4197597.521377
-1771867.81528987 4197597.521377
-1768870.16044742 4197597.521377
-1765872.50560497 4197597.521377
-1762874.85076252 4197597.521377
-1792851.39918703 4200595.17621945
-1789853.74434458 4200595.17621945
-1786856.08950213 4200595.17621945
-1783858.43465968 4200595.17621945
-1780860.77981723 4200595.17621945
-1777863.12497477 4200595.17621945
-1774865.47013232 4200595.17621945
-1771867.81528987 4200595.17621945
-1768870.16044742 4200595.17621945
-1765872.50560497 4200595.17621945
-1795849.05402948 4203592.8310619
-1792851.39918703 4203592.8310619
-1789853.74434458 4203592.8310619
-1786856.08950213 4203592.8310619
-1783858.43465968 4203592.8310619
-1780860.77981723 4203592.8310619
-1777863.12497477 4203592.8310619
-1774865.47013232 4203592.8310619
-1771867.81528987 4203592.8310619
-1768870.16044742 4203592.8310619
-1765872.50560497 4203592.8310619
-1798846.70887193 4206590.48590435
-1795849.05402948 4206590.48590435
-1792851.39918703 4206590.48590435
-1789853.74434458 4206590.48590435
-1786856.08950213 4206590.48590435
-1783858.43465968 4206590.48590435
-1780860.77981723 4206590.48590435
-1777863.12497477 4206590.48590435
-1774865.47013232 4206590.48590435
-1771867.81528987 4206590.48590435
-1768870.16044742 4206590.48590435
-1765872.50560497 4206590.48590435
-1801844.36371438 4209588.1407468
-1798846.70887193 4209588.1407468
-1795849.05402948 4209588.1407468
-1792851.39918703 4209588.1407468
-1789853.74434458 4209588.1407468
-1786856.08950213 4209588.1407468
-1783858.43465968 4209588.1407468
-1780860.77981723 4209588.1407468
-1777863.12497477 4209588.1407468
-1774865.47013232 4209588.1407468
-1771867.81528987 4209588.1407468
-1768870.16044742 4209588.1407468
-1804842.01855683 4212585.79558925
-1801844.36371438 4212585.79558925
-1798846.70887193 4212585.79558925
-1795849.05402948 4212585.79558925
-1792851.39918703 4212585.79558925
-1789853.74434458 4212585.79558925
-1786856.08950213 4212585.79558925
-1783858.43465968 4212585.79558925
-1780860.77981723 4212585.79558925
-1777863.12497477 4212585.79558925
-1774865.47013232 4212585.79558925
-1771867.81528987 4212585.79558925
-1810837.32824173 4215583.4504317
-1807839.67339928 4215583.4504317
-1804842.01855683 4215583.4504317
-1801844.36371438 4215583.4504317
-1798846.70887193 4215583.4504317
-1795849.05402948 4215583.4504317
-1792851.39918703 4215583.4504317
-1789853.74434458 4215583.4504317
-1786856.08950213 4215583.4504317
-1783858.43465968 4215583.4504317
-1780860.77981723 4215583.4504317
-1777863.12497477 4215583.4504317
-1774865.47013232 4215583.4504317
-1813834.98308418 4218581.10527416
-1810837.32824173 4218581.10527416
-1807839.67339928 4218581.10527416
-1804842.01855683 4218581.10527416
-1801844.36371438 4218581.10527416
-1798846.70887193 4218581.10527416
-1795849.05402948 4218581.10527416
-1792851.39918703 4218581.10527416
-1789853.74434458 4218581.10527416
-1786856.08950213 4218581.10527416
-1783858.43465968 4218581.10527416
-1780860.77981723 4218581.10527416
-1777863.12497477 4218581.10527416
-1816832.63792663 4221578.76011661
-1813834.98308418 4221578.76011661
-1810837.32824173 4221578.76011661
-1807839.67339928 4221578.76011661
-1804842.01855683 4221578.76011661
-1801844.36371438 4221578.76011661
-1798846.70887193 4221578.76011661
-1795849.05402948 4221578.76011661
-1792851.39918703 4221578.76011661
-1789853.74434458 4221578.76011661
-1786856.08950213 4221578.76011661
-1783858.43465968 4221578.76011661
-1780860.77981723 4221578.76011661
-1825825.60245399 4224576.41495906
-1822827.94761154 4224576.41495906
-1819830.29276909 4224576.41495906
-1816832.63792663 4224576.41495906
-1813834.98308418 4224576.41495906
-1810837.32824173 4224576.41495906
-1807839.67339928 4224576.41495906
-1804842.01855683 4224576.41495906
-1801844.36371438 4224576.41495906
-1798846.70887193 4224576.41495906
-1795849.05402948 4224576.41495906
-1792851.39918703 4224576.41495906
-1789853.74434458 4224576.41495906
-1786856.08950213 4224576.41495906
-1783858.43465968 4224576.41495906
-1831820.91213889 4227574.06980151
-1828823.25729644 4227574.06980151
-1825825.60245399 4227574.06980151
-1822827.94761154 4227574.06980151
-1819830.29276909 4227574.06980151
-1816832.63792663 4227574.06980151
-1813834.98308418 4227574.06980151
-1810837.32824173 4227574.06980151
-1807839.67339928 4227574.06980151
-1804842.01855683 4227574.06980151
-1801844.36371438 4227574.06980151
-1798846.70887193 4227574.06980151
-1795849.05402948 4227574.06980151
-1792851.39918703 4227574.06980151
-1789853.74434458 4227574.06980151
-1786856.08950213 4227574.06980151
-1834818.56698134 4230571.72464396
-1831820.91213889 4230571.72464396
-1828823.25729644 4230571.72464396
-1825825.60245399 4230571.72464396
-1822827.94761154 4230571.72464396
-1819830.29276909 4230571.72464396
-1816832.63792663 4230571.72464396
-1813834.98308418 4230571.72464396
-1810837.32824173 4230571.72464396
-1807839.67339928 4230571.72464396
-1804842.01855683 4230571.72464396
-1801844.36371438 4230571.72464396
-1798846.70887193 4230571.72464396
-1795849.05402948 4230571.72464396
-1792851.39918703 4230571.72464396
-1789853.74434458 4230571.72464396
-1837816.22182379 4233569.37948641
-1834818.56698134 4233569.37948641
-1831820.91213889 4233569.37948641
-1828823.25729644 4233569.37948641
-1825825.60245399 4233569.37948641
-1822827.94761154 4233569.37948641
-1819830.29276909 4233569.37948641
-1816832.63792663 4233569.37948641
-1813834.98308418 4233569.37948641
-1810837.32824173 4233569.37948641
-1807839.67339928 4233569.37948641
-1804842.01855683 4233569.37948641
-1801844.36371438 4233569.37948641
-1798846.70887193 4233569.37948641
-1795849.05402948 4233569.37948641
-1837816.22182379 4236567.03432886
-1834818.56698134 4236567.03432886
-1831820.91213889 4236567.03432886
-1828823.25729644 4236567.03432886
-1825825.60245399 4236567.03432886
-1822827.94761154 4236567.03432886
-1819830.29276909 4236567.03432886
-1816832.63792663 4236567.03432886
-1813834.98308418 4236567.03432886
-1810837.32824173 4236567.03432886
-1807839.67339928 4236567.03432886
-1804842.01855683 4236567.03432886
-1801844.36371438 4236567.03432886
-1798846.70887193 4236567.03432886
-1840813.87666624 4239564.68917131
-1837816.22182379 4239564.68917131
-1834818.56698134 4239564.68917131
-1831820.91213889 4239564.68917131
-1828823.25729644 4239564.68917131
-1825825.60245399 4239564.68917131
-1822827.94761154 4239564.68917131
-1819830.29276909 4239564.68917131
-1816832.63792663 4239564.68917131
-1813834.98308418 4239564.68917131
-1810837.32824173 4239564.68917131
-1807839.67339928 4239564.68917131
-1804842.01855683 4239564.68917131
-1801844.36371438 4239564.68917131
-1843811.53150869 4242562.34401376
-1840813.87666624 4242562.34401376
-1837816.22182379 4242562.34401376
-1834818.56698134 4242562.34401376
-1831820.91213889 4242562.34401376
-1828823.25729644 4242562.34401376
-1825825.60245399 4242562.34401376
-1822827.94761154 4242562.34401376
-1819830.29276909 4242562.34401376
-1816832.63792663 4242562.34401376
-1813834.98308418 4242562.34401376
-1810837.32824173 4242562.34401376
-1807839.67339928 4242562.34401376
-1804842.01855683 4242562.34401376
-1843811.53150869 4245559.99885621
-1840813.87666624 4245559.99885621
-1837816.22182379 4245559.99885621
-1834818.56698134 4245559.99885621
-1831820.91213889 4245559.99885621
-1828823.25729644 4245559.99885621
-1825825.60245399 4245559.99885621
-1822827.94761154 4245559.99885621
-1819830.29276909 4245559.99885621
-1816832.63792663 4245559.99885621
-1813834.98308418 4245559.99885621
-1810837.32824173 4245559.99885621
-1807839.67339928 4245559.99885621
-1846809.18635114 4248557.65369866
-1843811.53150869 4248557.65369866
-1840813.87666624 4248557.65369866
-1837816.22182379 4248557.65369866
-1834818.56698134 4248557.65369866
-1831820.91213889 4248557.65369866
-1828823.25729644 4248557.65369866
-1825825.60245399 4248557.65369866
-1822827.94761154 4248557.65369866
-1819830.29276909 4248557.65369866
-1816832.63792663 4248557.65369866
-1813834.98308418 4248557.65369866
-1849806.84119359 4251555.30854111
-1846809.18635114 4251555.30854111
-1843811.53150869 4251555.30854111
-1840813.87666624 4251555.30854111
-1837816.22182379 4251555.30854111
-1834818.56698134 4251555.30854111
-1831820.91213889 4251555.30854111
-1828823.25729644 4251555.30854111
-1825825.60245399 4251555.30854111
-1822827.94761154 4251555.30854111
-1819830.29276909 4251555.30854111
-1816832.63792663 4251555.30854111
-1855802.15087849 4254552.96338356
-1852804.49603604 4254552.96338356
-1849806.84119359 4254552.96338356
-1846809.18635114 4254552.96338356
-1843811.53150869 4254552.96338356
-1840813.87666624 4254552.96338356
-1837816.22182379 4254552.96338356
-1834818.56698134 4254552.96338356
-1831820.91213889 4254552.96338356
-1828823.25729644 4254552.96338356
-1825825.60245399 4254552.96338356
-1822827.94761154 4254552.96338356
-1819830.29276909 4254552.96338356
-1861797.4605634 4257550.61822602
-1858799.80572094 4257550.61822602
-1855802.15087849 4257550.61822602
-1852804.49603604 4257550.61822602
-1849806.84119359 4257550.61822602
-1846809.18635114 4257550.61822602
-1843811.53150869 4257550.61822602
-1840813.87666624 4257550.61822602
-1837816.22182379 4257550.61822602
-1834818.56698134 4257550.61822602
-1831820.91213889 4257550.61822602
-1828823.25729644 4257550.61822602
-1825825.60245399 4257550.61822602
-1822827.94761154 4257550.61822602
-1867792.7702483 4260548.27306847
-1864795.11540585 4260548.27306847
-1861797.4605634 4260548.27306847
-1858799.80572094 4260548.27306847
-1855802.15087849 4260548.27306847
-1852804.49603604 4260548.27306847
-1849806.84119359 4260548.27306847
-1846809.18635114 4260548.27306847
-1843811.53150869 4260548.27306847
-1840813.87666624 4260548.27306847
-1837816.22182379 4260548.27306847
-1834818.56698134 4260548.27306847
-1831820.91213889 4260548.27306847
-1828823.25729644 4260548.27306847
-1825825.60245399 4260548.27306847
-1873788.0799332 4263545.92791092
-1870790.42509075 4263545.92791092
-1867792.7702483 4263545.92791092
-1864795.11540585 4263545.92791092
-1861797.4605634 4263545.92791092
-1858799.80572094 4263545.92791092
-1855802.15087849 4263545.92791092
-1852804.49603604 4263545.92791092
-1849806.84119359 4263545.92791092
-1846809.18635114 4263545.92791092
-1843811.53150869 4263545.92791092
-1840813.87666624 4263545.92791092
-1837816.22182379 4263545.92791092
-1834818.56698134 4263545.92791092
-1831820.91213889 4263545.92791092
-1828823.25729644 4263545.92791092
-1879783.3896181 4266543.58275337
-1876785.73477565 4266543.58275337
-1873788.0799332 4266543.58275337
-1870790.42509075 4266543.58275337
-1867792.7702483 4266543.58275337
-1864795.11540585 4266543.58275337
-1861797.4605634 4266543.58275337
-1858799.80572094 4266543.58275337
-1855802.15087849 4266543.58275337
-1852804.49603604 4266543.58275337
-1849806.84119359 4266543.58275337
-1846809.18635114 4266543.58275337
-1843811.53150869 4266543.58275337
-1840813.87666624 4266543.58275337
-1837816.22182379 4266543.58275337
-1834818.56698134 4266543.58275337
-1831820.91213889 4266543.58275337
-1882781.04446055 4269541.23759582
-1879783.3896181 4269541.23759582
-1876785.73477565 4269541.23759582
-1873788.0799332 4269541.23759582
-1870790.42509075 4269541.23759582
-1867792.7702483 4269541.23759582
-1864795.11540585 4269541.23759582
-1861797.4605634 4269541.23759582
-1858799.80572094 4269541.23759582
-1855802.15087849 4269541.23759582
-1852804.49603604 4269541.23759582
-1849806.84119359 4269541.23759582
-1846809.18635114 4269541.23759582
-1843811.53150869 4269541.23759582
-1840813.87666624 4269541.23759582
-1837816.22182379 4269541.23759582
-1888776.35414545 4272538.89243827
-1885778.699303 4272538.89243827
-1882781.04446055 4272538.89243827
-1879783.3896181 4272538.89243827
-1876785.73477565 4272538.89243827
-1873788.0799332 4272538.89243827
-1870790.42509075 4272538.89243827
-1867792.7702483 4272538.89243827
-1864795.11540585 4272538.89243827
-1861797.4605634 4272538.89243827
-1858799.80572094 4272538.89243827
-1855802.15087849 4272538.89243827
-1852804.49603604 4272538.89243827
-1849806.84119359 4272538.89243827
-1846809.18635114 4272538.89243827
-1843811.53150869 4272538.89243827
-1840813.87666624 4272538.89243827
-1888776.35414545 4275536.54728072
-1885778.699303 4275536.54728072
-1882781.04446055 4275536.54728072
-1879783.3896181 4275536.54728072
-1876785.73477565 4275536.54728072
-1873788.0799332 4275536.54728072
-1870790.42509075 4275536.54728072
-1867792.7702483 4275536.54728072
-1864795.11540585 4275536.54728072
-1861797.4605634 4275536.54728072
-1858799.80572094 4275536.54728072
-1855802.15087849 4275536.54728072
-1852804.49603604 4275536.54728072
-1849806.84119359 4275536.54728072
-1846809.18635114 4275536.54728072
-1843811.53150869 4275536.54728072
-1891774.0089879 4278534.20212317
-1888776.35414545 4278534.20212317
-1885778.699303 4278534.20212317
-1882781.04446055 4278534.20212317
-1879783.3896181 4278534.20212317
-1876785.73477565 4278534.20212317
-1873788.0799332 4278534.20212317
-1870790.42509075 4278534.20212317
-1867792.7702483 4278534.20212317
-1864795.11540585 4278534.20212317
-1861797.4605634 4278534.20212317
-1858799.80572094 4278534.20212317
-1855802.15087849 4278534.20212317
-1852804.49603604 4278534.20212317
-1849806.84119359 4278534.20212317
-1846809.18635114 4278534.20212317
-1891774.0089879 4281531.85696562
-1888776.35414545 4281531.85696562
-1885778.699303 4281531.85696562
-1882781.04446055 4281531.85696562
-1879783.3896181 4281531.85696562
-1876785.73477565 4281531.85696562
-1873788.0799332 4281531.85696562
-1870790.42509075 4281531.85696562
-1867792.7702483 4281531.85696562
-1864795.11540585 4281531.85696562
-1861797.4605634 4281531.85696562
-1858799.80572094 4281531.85696562
-1855802.15087849 4281531.85696562
-1852804.49603604 4281531.85696562
-1849806.84119359 4281531.85696562
-1891774.0089879 4284529.51180807
-1888776.35414545 4284529.51180807
-1885778.699303 4284529.51180807
-1882781.04446055 4284529.51180807
-1879783.3896181 4284529.51180807
-1876785.73477565 4284529.51180807
-1873788.0799332 4284529.51180807
-1870790.42509075 4284529.51180807
-1867792.7702483 4284529.51180807
-1864795.11540585 4284529.51180807
-1861797.4605634 4284529.51180807
-1858799.80572094 4284529.51180807
-1855802.15087849 4284529.51180807
-1891774.0089879 4287527.16665052
-1888776.35414545 4287527.16665052
-1885778.699303 4287527.16665052
-1882781.04446055 4287527.16665052
-1879783.3896181 4287527.16665052
-1876785.73477565 4287527.16665052
-1873788.0799332 4287527.16665052
-1870790.42509075 4287527.16665052
-1867792.7702483 4287527.16665052
-1864795.11540585 4287527.16665052
-1861797.4605634 4287527.16665052
-1894771.66383035 4290524.82149297
-1891774.0089879 4290524.82149297
-1888776.35414545 4290524.82149297
-1885778.699303 4290524.82149297
-1882781.04446055 4290524.82149297
-1879783.3896181 4290524.82149297
-1876785.73477565 4290524.82149297
-1873788.0799332 4290524.82149297
-1870790.42509075 4290524.82149297
-1867792.7702483 4290524.82149297
-1894771.66383035 4293522.47633542
-1891774.0089879 4293522.47633542
-1888776.35414545 4293522.47633542
-1885778.699303 4293522.47633542
-1882781.04446055 4293522.47633542
-1879783.3896181 4293522.47633542
-1876785.73477565 4293522.47633542
-1873788.0799332 4293522.47633542
-1891774.0089879 4296520.13117787
-1888776.35414545 4296520.13117787
-1885778.699303 4296520.13117787
-1882781.04446055 4296520.13117787
-1879783.3896181 4296520.13117787
-1891774.0089879 4299517.78602033
-1888776.35414545 4299517.78602033
-1885778.699303 4299517.78602033
