-1947187.25678385 4111675.75518336
-1947187.25678385 4114650.10038921
-1944212.911578 4114650.10038921
-1947187.25678385 4117624.44559506
-1944212.911578 4117624.44559506
-1941238.56637215 4117624.44559506
-1947187.25678385 4120598.79080091
-1944212.911578 4120598.79080091
-1941238.56637215 4120598.79080091
-1947187.25678385 4123573.13600676
-1944212.911578 4123573.13600676
-1941238.56637215 4123573.13600676
-1938264.2211663 4123573.13600676
-1950161.6019897 4126547.48121261
-1947187.25678385 4126547.48121261
-1944212.911578 4126547.48121261
-1941238.56637215 4126547.48121261
-1953135.94719555 4129521.82641846
-1950161.6019897 4129521.82641846
-1947187.25678385 4129521.82641846
-1944212.911578 4129521.82641846
-1941238.56637215 4129521.82641846
-1953135.94719555 4132496.1716243
-1950161.6019897 4132496.1716243
-1947187.25678385 4132496.1716243
-1944212.911578 4132496.1716243
-1938264.2211663 4132496.1716243
-1950161.6019897 4135470.51683015
-1947187.25678385 4135470.51683015
-1944212.911578 4135470.51683015
-1941238.56637215 4135470.51683015
-1938264.2211663 4135470.51683015
-1947187.25678385 4138444.862036
-1944212.911578 4138444.862036
-1941238.56637215 4138444.862036
-1938264.2211663 4138444.862036
-1944212.911578 4141419.20724185
-1941238.56637215 4141419.20724185
-1944212.911578 4144393.5524477
-1938858.76971702 4136626.65470337
-1944575.18773648 4139484.8637131
-1941716.97872675 4139484.8637131
-1938858.76971702 4139484.8637131
-1944575.18773648 4142343.07272283
-1941716.97872675 4142343.07272283
-1944575.18773648 4145201.28173257
-1914354.66140442 4004698.62003361
-1911397.20448048 4004698.62003361
-1905482.29063259 4004698.62003361
-1902524.83370865 4004698.62003361
-1899567.3767847 4004698.62003361
-1917312.11832837 4007656.07695756
-1914354.66140442 4007656.07695756
-1911397.20448048 4007656.07695756
-1905482.29063259 4007656.07695756
-1902524.83370865 4007656.07695756
-1899567.3767847 4007656.07695756
-1896609.91986076 4007656.07695756
-1914354.66140442 4010613.5338815
-1911397.20448048 4010613.5338815
-1902524.83370865 4010613.5338815
-1899567.3767847 4010613.5338815
-1896609.91986076 4010613.5338815
-1933851.8945403 4153028.92754791
-1833295.10440699 3946066.16254534
-1824440.89293534 3981483.00843194
-1824440.89293534 3984434.41225582
-1821489.48911146 3987385.8160797
-1821489.48911146 3990337.21990359
-1821489.48911146 3993288.62372747
-1818538.08528757 3993288.62372747
-1821489.48911146 3996240.02755135
-1818538.08528757 3996240.02755135
-1815586.68146369 3996240.02755135
-1821489.48911146 3999191.43137524
-1818538.08528757 3999191.43137524
-1821489.48911146 4002142.83519912
-1818538.08528757 4002142.83519912
-1818538.08528757 4005094.239023
-1818538.08528757 4008045.64284688
-1818538.08528757 4010997.04667077
-1815586.68146369 4043462.48873348
-1815586.68146369 4046413.89255736
-1815586.68146369 4049365.29638124
-1815586.68146369 4052316.70020513
-1786990.05523138 4050275.15814378
-1789707.46383055 4052992.56674295
-1792424.87242972 4055709.97534212
-1789707.46383055 4055709.97534212
-1792424.87242972 4058427.38394129
-1792424.87242972 4061144.79254047
-1785951.00115105 4050474.20582877
-1782967.09568224 4050474.20582877
-1791918.81208867 4053458.11129757
-1788934.90661986 4053458.11129757
-1785951.00115105 4053458.11129757
-1782967.09568224 4053458.11129757
-1779983.19021343 4053458.11129757
-1788934.90661986 4056442.01676638
-1785951.00115105 4056442.01676638
-1782967.09568224 4056442.01676638
-1779983.19021343 4056442.01676638
-1788934.90661986 4059425.92223519
-1785951.00115105 4059425.92223519
-1782967.09568224 4059425.92223519
-1779983.19021343 4059425.92223519
-1785951.00115105 4062409.827704
-1782967.09568224 4062409.827704
-1779983.19021343 4062409.827704
-1782967.09568224 4065393.73317281
-1779983.19021343 4065393.73317281
-1949915.47171246 3802149.74890292
-1946918.65766946 3802149.74890292
-1949915.47171246 3805146.56294591
-1946918.65766946 3805146.56294591
-1943921.84362647 3805146.56294591
-1949915.47171246 3808143.37698891
-1946918.65766946 3808143.37698891
-1943921.84362647 3808143.37698891
-1949915.47171246 3811140.1910319
-1946918.65766946 3811140.1910319
-1943921.84362647 3811140.1910319
-1940925.02958347 3811140.1910319
-1949915.47171246 3814137.0050749
-1946918.65766946 3814137.0050749
-1943921.84362647 3814137.0050749
-1940925.02958347 3814137.0050749
-1946918.65766946 3817133.81911789
-1943921.84362647 3817133.81911789
-1940925.02958347 3817133.81911789
-1946918.65766946 3820130.63316089
-1943921.84362647 3820130.63316089
-1940925.02958347 3820130.63316089
-1937928.21554048 3820130.63316089
-1943921.84362647 3823127.44720388
-1940925.02958347 3823127.44720388
-1943921.84362647 3826124.26124688
-1940925.02958347 3826124.26124688
-1946918.65766946 3829121.07528987
-1943921.84362647 3829121.07528987
-1940925.02958347 3829121.07528987
-1943921.84362647 3832117.88933287
-1943921.84362647 3835114.70337586
-1940925.02958347 3838111.51741886
-1940925.02958347 3841108.33146186
-1940925.02958347 3844105.14550485
-1937928.21554048 3847101.95954785
-1937928.21554048 3850098.77359084
-1937928.21554048 3853095.58763384
-1937928.21554048 3856092.40167683
-1928937.77341149 3901044.61232176
-1928937.77341149 3904041.42636476
-1925940.95936849 3904041.42636476
-1925940.95936849 3907038.24040775
-1922944.1453255 3907038.24040775
-1922944.1453255 3910035.05445075
-1919947.3312825 3910035.05445075
-1919947.3312825 3913031.86849374
-1922944.1453255 3916028.68253674
-1919947.3312825 3916028.68253674
-1922944.1453255 3919025.49657974
-1922944.1453255 3922022.31062273
-1919947.3312825 3922022.31062273
-1922944.1453255 3925019.12466573
-1919947.3312825 3925019.12466573
-1919947.3312825 3928015.93870872
-1916950.51723951 3931012.75275172
-1916950.51723951 3934009.56679471
-1913953.70319651 3937006.38083771
-1913953.70319651 3940003.1948807
-1913953.70319651 3943000.0089237
-1913953.70319651 3945996.82296669
-1910956.88915352 3945996.82296669
-1913953.70319651 3948993.63700969
-1910956.88915352 3948993.63700969
-1913953.70319651 3951990.45105268
-1910956.88915352 3951990.45105268
-1913953.70319651 3954987.26509568
-1913953.70319651 3957984.07913867
-1916950.51723951 3960980.89318167
-1916950.51723951 3963977.70722467
-2031424.47638047 3392618.51078494
-2031424.47638047 3395592.58874741
-2028450.398418 3395592.58874741
-2031424.47638047 3398566.66670988
-2028450.398418 3398566.66670988
-2025476.32045553 3398566.66670988
-2022502.24249306 3398566.66670988
-2031424.47638047 3401540.74467235
-2028450.398418 3401540.74467235
-2025476.32045553 3401540.74467235
-2022502.24249306 3401540.74467235
-2019528.16453059 3401540.74467235
-2031424.47638047 3404514.82263482
-2028450.398418 3404514.82263482
-2025476.32045553 3404514.82263482
-2022502.24249306 3404514.82263482
-2019528.16453059 3404514.82263482
-2016554.08656812 3404514.82263482
-2013580.00860565 3404514.82263482
-2022502.24249306 3407488.90059729
-2019528.16453059 3407488.90059729
-2016554.08656812 3407488.90059729
-2013580.00860565 3407488.90059729
-2016554.08656812 3410462.97855976
-2013580.00860565 3410462.97855976
-1792609.28229445 4033121.7749391
-1789633.62433777 4033121.7749391
-1795584.94025114 4036097.43289579
-1792609.28229445 4036097.43289579
-1789633.62433777 4036097.43289579
-1786657.96638108 4036097.43289579
-1792609.28229445 4039073.09085248
-1789633.62433777 4039073.09085248
-1786657.96638108 4039073.09085248
-1792609.28229445 4042048.74880917
-1789633.62433777 4042048.74880917
-1786657.96638108 4042048.74880917
-1792609.28229445 4045024.40676586
-1789633.62433777 4045024.40676586
-1786657.96638108 4045024.40676586
-1792609.28229445 4048000.06472254
-1789633.62433777 4048000.06472254
-1786657.96638108 4048000.06472254
-1792609.28229445 4050975.72267923
-1789633.62433777 4050975.72267923
-1786657.96638108 4050975.72267923
-1789633.62433777 4053951.38063592
-1789633.62433777 4056927.03859261
-1843580.81915845 3893944.90096787
-1840600.41470078 3893944.90096787
-1837620.01024311 3893944.90096787
-1834639.60578544 3893944.90096787
-1840600.41470078 3896925.30542554
-1837620.01024311 3896925.30542554
-1834639.60578544 3896925.30542554
-1831659.20132776 3896925.30542554
-1828678.79687009 3896925.30542554
-1840600.41470078 3899905.70988321
-1837620.01024311 3899905.70988321
-1834639.60578544 3899905.70988321
-1831659.20132776 3899905.70988321
-1828678.79687009 3899905.70988321
-1825698.39241242 3899905.70988321
-1840600.41470078 3902886.11434088
-1837620.01024311 3902886.11434088
-1834639.60578544 3902886.11434088
-1831659.20132776 3902886.11434088
-1828678.79687009 3902886.11434088
-1825698.39241242 3902886.11434088
-1840600.41470078 3905866.51879855
-1837620.01024311 3905866.51879855
-1834639.60578544 3905866.51879855
-1831659.20132776 3905866.51879855
-1828678.79687009 3905866.51879855
-1825698.39241242 3905866.51879855
-1840600.41470078 3908846.92325622
-1837620.01024311 3908846.92325622
-1834639.60578544 3908846.92325622
-1831659.20132776 3908846.92325622
-1828678.79687009 3908846.92325622
-1825698.39241242 3908846.92325622
-1837620.01024311 3911827.3277139
-1834639.60578544 3911827.3277139
-1831659.20132776 3911827.3277139
-1828678.79687009 3911827.3277139
-1825698.39241242 3911827.3277139
-1837620.01024311 3914807.73217157
-1834639.60578544 3914807.73217157
-1831659.20132776 3914807.73217157
-1828678.79687009 3914807.73217157
-1837620.01024311 3917788.13662924
-1834639.60578544 3917788.13662924
-2019123.71462514 3362802.66974211
-2019123.71462514 3365704.44315465
-2019123.71462514 3368606.21656718
-2019123.71462514 3371507.98997972
-2016221.9412126 3371507.98997972
-2019123.71462514 3374409.76339226
-2016221.9412126 3374409.76339226
-2019123.71462514 3377311.53680479
-2016221.9412126 3377311.53680479
-2016221.9412126 3380213.31021733
-2016221.9412126 3383115.08362987
-2013320.16780006 3383115.08362987
-2013320.16780006 3386016.8570424
-2013320.16780006 3388918.63045494
-1919339.01594873 4004519.42758022
-1919339.01594873 4007369.71586639
-1916488.72766255 4007369.71586639
-1916488.72766255 4010220.00415257
-1913638.43937638 4010220.00415257
