-1985685.74864693 3297953.52363782
-1982688.80012148 3300950.47216327
-1982688.80012148 3303947.42068872
-1979691.85159604 3303947.42068872
-1982688.80012148 3306944.36921416
-1979691.85159604 3306944.36921416
-1976694.90307059 3306944.36921416
-1982688.80012148 3309941.31773961
-1979691.85159604 3309941.31773961
-1976694.90307059 3309941.31773961
-1973697.95454514 3309941.31773961
-1979691.85159604 3312938.26626506
-1976694.90307059 3312938.26626506
-1973697.95454514 3312938.26626506
-1970701.0060197 3312938.26626506
-1979691.85159604 3315935.2147905
-1976694.90307059 3315935.2147905
-1973697.95454514 3315935.2147905
-1970701.0060197 3315935.2147905
-1967704.05749425 3315935.2147905
-1979691.85159604 3318932.16331595
-1976694.90307059 3318932.16331595
-1973697.95454514 3318932.16331595
-1970701.0060197 3318932.16331595
-1967704.05749425 3318932.16331595
-1976694.90307059 3321929.1118414
-1973697.95454514 3321929.1118414
-1970701.0060197 3321929.1118414
-1967704.05749425 3321929.1118414
-1964707.1089688 3321929.1118414
-1976694.90307059 3324926.06036685
-1973697.95454514 3324926.06036685
-1970701.0060197 3324926.06036685
-1967704.05749425 3324926.06036685
-1964707.1089688 3324926.06036685
-1961710.16044336 3324926.06036685
-1976694.90307059 3327923.00889229
-1973697.95454514 3327923.00889229
-1970701.0060197 3327923.00889229
-1967704.05749425 3327923.00889229
-1964707.1089688 3327923.00889229
-1961710.16044336 3327923.00889229
-1958713.21191791 3327923.00889229
-1973697.95454514 3330919.95741774
-1970701.0060197 3330919.95741774
-1967704.05749425 3330919.95741774
-1964707.1089688 3330919.95741774
-1961710.16044336 3330919.95741774
-1958713.21191791 3330919.95741774
-1973697.95454514 3333916.90594319
-1970701.0060197 3333916.90594319
-1967704.05749425 3333916.90594319
-1964707.1089688 3333916.90594319
-1961710.16044336 3333916.90594319
-1958713.21191791 3333916.90594319
-1955716.26339246 3333916.90594319
-1973697.95454514 3336913.85446863
-1970701.0060197 3336913.85446863
-1967704.05749425 3336913.85446863
-1964707.1089688 3336913.85446863
-1961710.16044336 3336913.85446863
-1958713.21191791 3336913.85446863
-1955716.26339246 3336913.85446863
-1970701.0060197 3339910.80299408
-1967704.05749425 3339910.80299408
-1964707.1089688 3339910.80299408
-1961710.16044336 3339910.80299408
-1958713.21191791 3339910.80299408
-1955716.26339246 3339910.80299408
-1952719.31486702 3339910.80299408
-1970701.0060197 3342907.75151953
-1967704.05749425 3342907.75151953
-1964707.1089688 3342907.75151953
-1961710.16044336 3342907.75151953
-1958713.21191791 3342907.75151953
-1955716.26339246 3342907.75151953
-1952719.31486702 3342907.75151953
-1970701.0060197 3345904.70004497
-1967704.05749425 3345904.70004497
-1964707.1089688 3345904.70004497
-1961710.16044336 3345904.70004497
-1958713.21191791 3345904.70004497
-1955716.26339246 3345904.70004497
-1952719.31486702 3345904.70004497
-1949722.36634157 3345904.70004497
-1967704.05749425 3348901.64857042
-1964707.1089688 3348901.64857042
-1961710.16044336 3348901.64857042
-1958713.21191791 3348901.64857042
-1955716.26339246 3348901.64857042
-1952719.31486702 3348901.64857042
-1949722.36634157 3348901.64857042
-1967704.05749425 3351898.59709587
-1964707.1089688 3351898.59709587
-1961710.16044336 3351898.59709587
-1958713.21191791 3351898.59709587
-1955716.26339246 3351898.59709587
-1952719.31486702 3351898.59709587
-1949722.36634157 3351898.59709587
-1946725.41781612 3351898.59709587
-1967704.05749425 3354895.54562132
-1964707.1089688 3354895.54562132
-1961710.16044336 3354895.54562132
-1958713.21191791 3354895.54562132
-1955716.26339246 3354895.54562132
-1952719.31486702 3354895.54562132
-1949722.36634157 3354895.54562132
-1946725.41781612 3354895.54562132
-1964707.1089688 3357892.49414676
-1961710.16044336 3357892.49414676
-1958713.21191791 3357892.49414676
-1955716.26339246 3357892.49414676
-1952719.31486702 3357892.49414676
-1949722.36634157 3357892.49414676
-1946725.41781612 3357892.49414676
-1943728.46929067 3357892.49414676
-1964707.1089688 3360889.44267221
-1961710.16044336 3360889.44267221
-1958713.21191791 3360889.44267221
-1955716.26339246 3360889.44267221
-1952719.31486702 3360889.44267221
-1949722.36634157 3360889.44267221
-1946725.41781612 3360889.44267221
-1943728.46929067 3360889.44267221
-1940731.52076523 3360889.44267221
-1964707.1089688 3363886.39119766
-1961710.16044336 3363886.39119766
-1958713.21191791 3363886.39119766
-1955716.26339246 3363886.39119766
-1952719.31486702 3363886.39119766
-1949722.36634157 3363886.39119766
-1946725.41781612 3363886.39119766
-1943728.46929067 3363886.39119766
-1940731.52076523 3363886.39119766
-1961710.16044336 3366883.3397231
-1958713.21191791 3366883.3397231
-1955716.26339246 3366883.3397231
-1952719.31486702 3366883.3397231
-1949722.36634157 3366883.3397231
-1946725.41781612 3366883.3397231
-1943728.46929067 3366883.3397231
-1940731.52076523 3366883.3397231
-1937734.57223978 3366883.3397231
-1961710.16044336 3369880.28824855
-1958713.21191791 3369880.28824855
-1955716.26339246 3369880.28824855
-1952719.31486702 3369880.28824855
-1949722.36634157 3369880.28824855
-1946725.41781612 3369880.28824855
-1943728.46929067 3369880.28824855
-1940731.52076523 3369880.28824855
-1937734.57223978 3369880.28824855
-1961710.16044336 3372877.236774
-1958713.21191791 3372877.236774
-1955716.26339246 3372877.236774
-1952719.31486702 3372877.236774
-1949722.36634157 3372877.236774
-1946725.41781612 3372877.236774
-1943728.46929067 3372877.236774
-1940731.52076523 3372877.236774
-1937734.57223978 3372877.236774
-1934737.62371433 3372877.236774
-1958713.21191791 3375874.18529944
-1955716.26339246 3375874.18529944
-1952719.31486702 3375874.18529944
-1949722.36634157 3375874.18529944
-1946725.41781612 3375874.18529944
-1943728.46929067 3375874.18529944
-1940731.52076523 3375874.18529944
-1937734.57223978 3375874.18529944
-1934737.62371433 3375874.18529944
-1958713.21191791 3378871.13382489
-1955716.26339246 3378871.13382489
-1952719.31486702 3378871.13382489
-1949722.36634157 3378871.13382489
-1946725.41781612 3378871.13382489
-1943728.46929067 3378871.13382489
-1940731.52076523 3378871.13382489
-1937734.57223978 3378871.13382489
-1934737.62371433 3378871.13382489
-1931740.67518889 3378871.13382489
-1958713.21191791 3381868.08235034
-1955716.26339246 3381868.08235034
-1952719.31486702 3381868.08235034
-1949722.36634157 3381868.08235034
-1946725.41781612 3381868.08235034
-1943728.46929067 3381868.08235034
-1940731.52076523 3381868.08235034
-1937734.57223978 3381868.08235034
-1934737.62371433 3381868.08235034
-1931740.67518889 3381868.08235034
-1955716.26339246 3384865.03087578
-1952719.31486702 3384865.03087578
-1949722.36634157 3384865.03087578
-1946725.41781612 3384865.03087578
-1943728.46929067 3384865.03087578
-1940731.52076523 3384865.03087578
-1937734.57223978 3384865.03087578
-1934737.62371433 3384865.03087578
-1931740.67518889 3384865.03087578
-1928743.72666344 3384865.03087578
-1955716.26339246 3387861.97940123
-1952719.31486702 3387861.97940123
-1949722.36634157 3387861.97940123
-1946725.41781612 3387861.97940123
-1943728.46929067 3387861.97940123
-1940731.52076523 3387861.97940123
-1937734.57223978 3387861.97940123
-1934737.62371433 3387861.97940123
-1931740.67518889 3387861.97940123
-1928743.72666344 3387861.97940123
-1955716.26339246 3390858.92792668
-1952719.31486702 3390858.92792668
-1949722.36634157 3390858.92792668
-1946725.41781612 3390858.92792668
-1943728.46929067 3390858.92792668
-1940731.52076523 3390858.92792668
-1937734.57223978 3390858.92792668
-1934737.62371433 3390858.92792668
-1931740.67518889 3390858.92792668
-1928743.72666344 3390858.92792668
-1925746.77813799 3390858.92792668
-1952719.31486702 3393855.87645213
-1949722.36634157 3393855.87645213
-1946725.41781612 3393855.87645213
-1943728.46929067 3393855.87645213
-1940731.52076523 3393855.87645213
-1937734.57223978 3393855.87645213
-1934737.62371433 3393855.87645213
-1931740.67518889 3393855.87645213
-1928743.72666344 3393855.87645213
-1925746.77813799 3393855.87645213
-1922749.82961255 3393855.87645213
-1952719.31486702 3396852.82497757
-1949722.36634157 3396852.82497757
-1946725.41781612 3396852.82497757
-1943728.46929067 3396852.82497757
-1940731.52076523 3396852.82497757
-1937734.57223978 3396852.82497757
-1934737.62371433 3396852.82497757
-1931740.67518889 3396852.82497757
-1928743.72666344 3396852.82497757
-1925746.77813799 3396852.82497757
-1922749.82961255 3396852.82497757
-1952719.31486702 3399849.77350302
-1949722.36634157 3399849.77350302
-1946725.41781612 3399849.77350302
-1943728.46929067 3399849.77350302
-1940731.52076523 3399849.77350302
-1937734.57223978 3399849.77350302
-1934737.62371433 3399849.77350302
-1931740.67518889 3399849.77350302
-1928743.72666344 3399849.77350302
-1925746.77813799 3399849.77350302
-1949722.36634157 3402846.72202847
-1946725.41781612 3402846.72202847
-1943728.46929067 3402846.72202847
-1940731.52076523 3402846.72202847
-1937734.57223978 3402846.72202847
-1934737.62371433 3402846.72202847
-1931740.67518889 3402846.72202847
-1928743.72666344 3402846.72202847
-1925746.77813799 3402846.72202847
-1949722.36634157 3405843.67055391
-1946725.41781612 3405843.67055391
-1943728.46929067 3405843.67055391
-1940731.52076523 3405843.67055391
-1937734.57223978 3405843.67055391
-1934737.62371433 3405843.67055391
-1931740.67518889 3405843.67055391
-1928743.72666344 3405843.67055391
-1925746.77813799 3405843.67055391
-1949722.36634157 3408840.61907936
-1946725.41781612 3408840.61907936
-1943728.46929067 3408840.61907936
-1940731.52076523 3408840.61907936
-1937734.57223978 3408840.61907936
-1934737.62371433 3408840.61907936
-1931740.67518889 3408840.61907936
-1928743.72666344 3408840.61907936
-1925746.77813799 3408840.61907936
-1946725.41781612 3411837.56760481
-1943728.46929067 3411837.56760481
-1940731.52076523 3411837.56760481
-1937734.57223978 3411837.56760481
-1934737.62371433 3411837.56760481
-1931740.67518889 3411837.56760481
-1928743.72666344 3411837.56760481
-1925746.77813799 3411837.56760481
-1946725.41781612 3414834.51613025
-1943728.46929067 3414834.51613025
-1940731.52076523 3414834.51613025
-1937734.57223978 3414834.51613025
-1934737.62371433 3414834.51613025
-1931740.67518889 3414834.51613025
-1928743.72666344 3414834.51613025
-1925746.77813799 3414834.51613025
-1946725.41781612 3417831.4646557
-1943728.46929067 3417831.4646557
-1940731.52076523 3417831.4646557
-1937734.57223978 3417831.4646557
-1934737.62371433 3417831.4646557
-1931740.67518889 3417831.4646557
-1928743.72666344 3417831.4646557
-1925746.77813799 3417831.4646557
-1946725.41781612 3420828.41318115
-1943728.46929067 3420828.41318115
-1940731.52076523 3420828.41318115
-1937734.57223978 3420828.41318115
-1934737.62371433 3420828.41318115
-1931740.67518889 3420828.41318115
-1928743.72666344 3420828.41318115
-1925746.77813799 3420828.41318115
-1943728.46929067 3423825.36170659
-1940731.52076523 3423825.36170659
-1937734.57223978 3423825.36170659
-1934737.62371433 3423825.36170659
-1931740.67518889 3423825.36170659
-1928743.72666344 3423825.36170659
-1943728.46929067 3426822.31023204
-1940731.52076523 3426822.31023204
-1937734.57223978 3426822.31023204
-1934737.62371433 3426822.31023204
-1931740.67518889 3426822.31023204
-1928743.72666344 3426822.31023204
-1940731.52076523 3429819.25875749
-1937734.57223978 3429819.25875749
-1934737.62371433 3429819.25875749
-1931740.67518889 3429819.25875749
-1937734.57223978 3432816.20728294
-1934737.62371433 3432816.20728294
-1931740.67518889 3432816.20728294
-1934737.62371433 3435813.15580838
-1934737.62371433 3438810.10433383
