-1703475.81647335 4174165.32869744
-1700509.93681155 4174165.32869744
-1697544.05714974 4174165.32869744
-1703475.81647335 4177131.20835925
-1700509.93681155 4177131.20835925
-1697544.05714974 4177131.20835925
-1694578.17748793 4177131.20835925
-1691612.29782612 4177131.20835925
-1700509.93681155 4180097.08802105
-1697544.05714974 4180097.08802105
-1694578.17748793 4180097.08802105
-1691612.29782612 4180097.08802105
-1688646.41816432 4180097.08802105
-1700509.93681155 4183062.96768286
-1697544.05714974 4183062.96768286
-1694578.17748793 4183062.96768286
-1691612.29782612 4183062.96768286
-1688646.41816432 4183062.96768286
-1685680.53850251 4183062.96768286
-1700509.93681155 4186028.84734467
-1697544.05714974 4186028.84734467
-1694578.17748793 4186028.84734467
-1691612.29782612 4186028.84734467
-1688646.41816432 4186028.84734467
-1685680.53850251 4186028.84734467
-1697544.05714974 4188994.72700648
-1694578.17748793 4188994.72700648
-1691612.29782612 4188994.72700648
-1688646.41816432 4188994.72700648
-1685680.53850251 4188994.72700648
-1694578.17748793 4191960.60666829
-1691612.29782612 4191960.60666829
-1688646.41816432 4191960.60666829
-1694578.17748793 4194926.48633009
-1691612.29782612 4194926.48633009
-1688646.41816432 4194926.48633009
-1691612.29782612 4197892.3659919
-1691612.29782612 4200858.24565371
