-1605237.51713657 3880207.03828871
-1602238.23840622 3880207.03828871
-1608236.79586693 3883206.31701907
-1605237.51713657 3883206.31701907
-1602238.23840622 3883206.31701907
-1599238.95967586 3883206.31701907
-1596239.6809455 3883206.31701907
-1608236.79586693 3886205.59574943
-1605237.51713657 3886205.59574943
-1602238.23840622 3886205.59574943
-1599238.95967586 3886205.59574943
-1596239.6809455 3886205.59574943
-1593240.40221514 3886205.59574943
-1590241.12348478 3886205.59574943
-1611236.07459729 3889204.87447979
-1608236.79586693 3889204.87447979
-1605237.51713657 3889204.87447979
-1602238.23840622 3889204.87447979
-1599238.95967586 3889204.87447979
-1596239.6809455 3889204.87447979
-1593240.40221514 3889204.87447979
-1590241.12348478 3889204.87447979
-1587241.84475442 3889204.87447979
-1614235.35332765 3892204.15321015
-1611236.07459729 3892204.15321015
-1608236.79586693 3892204.15321015
-1605237.51713657 3892204.15321015
-1602238.23840622 3892204.15321015
-1599238.95967586 3892204.15321015
-1596239.6809455 3892204.15321015
-1593240.40221514 3892204.15321015
-1590241.12348478 3892204.15321015
-1587241.84475442 3892204.15321015
-1584242.56602406 3892204.15321015
-1581243.2872937 3892204.15321015
-1614235.35332765 3895203.43194051
-1611236.07459729 3895203.43194051
-1608236.79586693 3895203.43194051
-1605237.51713657 3895203.43194051
-1602238.23840622 3895203.43194051
-1599238.95967586 3895203.43194051
-1596239.6809455 3895203.43194051
-1593240.40221514 3895203.43194051
-1590241.12348478 3895203.43194051
-1587241.84475442 3895203.43194051
-1584242.56602406 3895203.43194051
-1581243.2872937 3895203.43194051
-1578244.00856334 3895203.43194051
-1575244.72983298 3895203.43194051
-1617234.63205801 3898202.71067087
-1614235.35332765 3898202.71067087
-1611236.07459729 3898202.71067087
-1608236.79586693 3898202.71067087
-1605237.51713657 3898202.71067087
-1602238.23840622 3898202.71067087
-1599238.95967586 3898202.71067087
-1596239.6809455 3898202.71067087
-1593240.40221514 3898202.71067087
-1590241.12348478 3898202.71067087
-1587241.84475442 3898202.71067087
-1584242.56602406 3898202.71067087
-1581243.2872937 3898202.71067087
-1578244.00856334 3898202.71067087
-1575244.72983298 3898202.71067087
-1572245.45110262 3898202.71067087
-1569246.17237226 3898202.71067087
-1617234.63205801 3901201.98940123
-1614235.35332765 3901201.98940123
-1611236.07459729 3901201.98940123
-1608236.79586693 3901201.98940123
-1605237.51713657 3901201.98940123
-1602238.23840622 3901201.98940123
-1599238.95967586 3901201.98940123
-1596239.6809455 3901201.98940123
-1593240.40221514 3901201.98940123
-1590241.12348478 3901201.98940123
-1587241.84475442 3901201.98940123
-1584242.56602406 3901201.98940123
-1581243.2872937 3901201.98940123
-1578244.00856334 3901201.98940123
-1575244.72983298 3901201.98940123
-1572245.45110262 3901201.98940123
-1569246.17237226 3901201.98940123
-1566246.8936419 3901201.98940123
-1563247.61491155 3901201.98940123
-1614235.35332765 3904201.26813158
-1611236.07459729 3904201.26813158
-1608236.79586693 3904201.26813158
-1605237.51713657 3904201.26813158
-1602238.23840622 3904201.26813158
-1599238.95967586 3904201.26813158
-1596239.6809455 3904201.26813158
-1593240.40221514 3904201.26813158
-1590241.12348478 3904201.26813158
-1587241.84475442 3904201.26813158
-1584242.56602406 3904201.26813158
-1581243.2872937 3904201.26813158
-1578244.00856334 3904201.26813158
-1575244.72983298 3904201.26813158
-1572245.45110262 3904201.26813158
-1569246.17237226 3904201.26813158
-1566246.8936419 3904201.26813158
-1563247.61491155 3904201.26813158
-1560248.33618119 3904201.26813158
-1557249.05745083 3904201.26813158
-1614235.35332765 3907200.54686194
-1611236.07459729 3907200.54686194
-1608236.79586693 3907200.54686194
-1605237.51713657 3907200.54686194
-1602238.23840622 3907200.54686194
-1599238.95967586 3907200.54686194
-1596239.6809455 3907200.54686194
-1593240.40221514 3907200.54686194
-1590241.12348478 3907200.54686194
-1587241.84475442 3907200.54686194
-1584242.56602406 3907200.54686194
-1581243.2872937 3907200.54686194
-1578244.00856334 3907200.54686194
-1575244.72983298 3907200.54686194
-1572245.45110262 3907200.54686194
-1569246.17237226 3907200.54686194
-1566246.8936419 3907200.54686194
-1563247.61491155 3907200.54686194
-1560248.33618119 3907200.54686194
-1557249.05745083 3907200.54686194
-1554249.77872047 3907200.54686194
-1551250.49999011 3907200.54686194
-1611236.07459729 3910199.8255923
-1608236.79586693 3910199.8255923
-1605237.51713657 3910199.8255923
-1602238.23840622 3910199.8255923
-1599238.95967586 3910199.8255923
-1596239.6809455 3910199.8255923
-1593240.40221514 3910199.8255923
-1590241.12348478 3910199.8255923
-1587241.84475442 3910199.8255923
-1584242.56602406 3910199.8255923
-1581243.2872937 3910199.8255923
-1578244.00856334 3910199.8255923
-1575244.72983298 3910199.8255923
-1572245.45110262 3910199.8255923
-1569246.17237226 3910199.8255923
-1566246.8936419 3910199.8255923
-1563247.61491155 3910199.8255923
-1560248.33618119 3910199.8255923
-1557249.05745083 3910199.8255923
-1554249.77872047 3910199.8255923
-1551250.49999011 3910199.8255923
-1548251.22125975 3910199.8255923
-1545251.94252939 3910199.8255923
-1611236.07459729 3913199.10432266
-1608236.79586693 3913199.10432266
-1605237.51713657 3913199.10432266
-1602238.23840622 3913199.10432266
-1599238.95967586 3913199.10432266
-1596239.6809455 3913199.10432266
-1593240.40221514 3913199.10432266
-1590241.12348478 3913199.10432266
-1587241.84475442 3913199.10432266
-1584242.56602406 3913199.10432266
-1581243.2872937 3913199.10432266
-1578244.00856334 3913199.10432266
-1575244.72983298 3913199.10432266
-1572245.45110262 3913199.10432266
-1569246.17237226 3913199.10432266
-1566246.8936419 3913199.10432266
-1563247.61491155 3913199.10432266
-1560248.33618119 3913199.10432266
-1557249.05745083 3913199.10432266
-1554249.77872047 3913199.10432266
-1551250.49999011 3913199.10432266
-1548251.22125975 3913199.10432266
-1545251.94252939 3913199.10432266
-1542252.66379903 3913199.10432266
-1608236.79586693 3916198.38305302
-1605237.51713657 3916198.38305302
-1602238.23840622 3916198.38305302
-1599238.95967586 3916198.38305302
-1596239.6809455 3916198.38305302
-1593240.40221514 3916198.38305302
-1590241.12348478 3916198.38305302
-1587241.84475442 3916198.38305302
-1584242.56602406 3916198.38305302
-1581243.2872937 3916198.38305302
-1578244.00856334 3916198.38305302
-1575244.72983298 3916198.38305302
-1572245.45110262 3916198.38305302
-1569246.17237226 3916198.38305302
-1566246.8936419 3916198.38305302
-1563247.61491155 3916198.38305302
-1560248.33618119 3916198.38305302
-1557249.05745083 3916198.38305302
-1554249.77872047 3916198.38305302
-1551250.49999011 3916198.38305302
-1548251.22125975 3916198.38305302
-1545251.94252939 3916198.38305302
-1542252.66379903 3916198.38305302
-1539253.38506867 3916198.38305302
-1536254.10633831 3916198.38305302
-1608236.79586693 3919197.66178338
-1605237.51713657 3919197.66178338
-1602238.23840622 3919197.66178338
-1599238.95967586 3919197.66178338
-1596239.6809455 3919197.66178338
-1593240.40221514 3919197.66178338
-1590241.12348478 3919197.66178338
-1587241.84475442 3919197.66178338
-1584242.56602406 3919197.66178338
-1581243.2872937 3919197.66178338
-1578244.00856334 3919197.66178338
-1575244.72983298 3919197.66178338
-1572245.45110262 3919197.66178338
-1569246.17237226 3919197.66178338
-1566246.8936419 3919197.66178338
-1563247.61491155 3919197.66178338
-1560248.33618119 3919197.66178338
-1557249.05745083 3919197.66178338
-1554249.77872047 3919197.66178338
-1551250.49999011 3919197.66178338
-1548251.22125975 3919197.66178338
-1545251.94252939 3919197.66178338
-1542252.66379903 3919197.66178338
-1539253.38506867 3919197.66178338
-1536254.10633831 3919197.66178338
-1533254.82760795 3919197.66178338
-1530255.54887759 3919197.66178338
-1605237.51713657 3922196.94051374
-1602238.23840622 3922196.94051374
-1599238.95967586 3922196.94051374
-1596239.6809455 3922196.94051374
-1593240.40221514 3922196.94051374
-1590241.12348478 3922196.94051374
-1587241.84475442 3922196.94051374
-1584242.56602406 3922196.94051374
-1581243.2872937 3922196.94051374
-1578244.00856334 3922196.94051374
-1575244.72983298 3922196.94051374
-1572245.45110262 3922196.94051374
-1569246.17237226 3922196.94051374
-1566246.8936419 3922196.94051374
-1563247.61491155 3922196.94051374
-1560248.33618119 3922196.94051374
-1557249.05745083 3922196.94051374
-1554249.77872047 3922196.94051374
-1551250.49999011 3922196.94051374
-1548251.22125975 3922196.94051374
-1545251.94252939 3922196.94051374
-1542252.66379903 3922196.94051374
-1539253.38506867 3922196.94051374
-1536254.10633831 3922196.94051374
-1533254.82760795 3922196.94051374
-1530255.54887759 3922196.94051374
-1527256.27014723 3922196.94051374
-1524256.99141688 3922196.94051374
-1602238.23840622 3925196.2192441
-1599238.95967586 3925196.2192441
-1596239.6809455 3925196.2192441
-1593240.40221514 3925196.2192441
-1590241.12348478 3925196.2192441
-1587241.84475442 3925196.2192441
-1584242.56602406 3925196.2192441
-1581243.2872937 3925196.2192441
-1578244.00856334 3925196.2192441
-1575244.72983298 3925196.2192441
-1572245.45110262 3925196.2192441
-1569246.17237226 3925196.2192441
-1566246.8936419 3925196.2192441
-1563247.61491155 3925196.2192441
-1560248.33618119 3925196.2192441
-1557249.05745083 3925196.2192441
-1554249.77872047 3925196.2192441
-1551250.49999011 3925196.2192441
-1548251.22125975 3925196.2192441
-1545251.94252939 3925196.2192441
-1542252.66379903 3925196.2192441
-1539253.38506867 3925196.2192441
-1536254.10633831 3925196.2192441
-1533254.82760795 3925196.2192441
-1530255.54887759 3925196.2192441
-1527256.27014723 3925196.2192441
-1524256.99141688 3925196.2192441
-1521257.71268652 3925196.2192441
-1518258.43395616 3925196.2192441
-1515259.1552258 3925196.2192441
-1602238.23840622 3928195.49797446
-1599238.95967586 3928195.49797446
-1596239.6809455 3928195.49797446
-1593240.40221514 3928195.49797446
-1590241.12348478 3928195.49797446
-1587241.84475442 3928195.49797446
-1584242.56602406 3928195.49797446
-1581243.2872937 3928195.49797446
-1578244.00856334 3928195.49797446
-1575244.72983298 3928195.49797446
-1572245.45110262 3928195.49797446
-1569246.17237226 3928195.49797446
-1566246.8936419 3928195.49797446
-1563247.61491155 3928195.49797446
-1560248.33618119 3928195.49797446
-1557249.05745083 3928195.49797446
-1554249.77872047 3928195.49797446
-1551250.49999011 3928195.49797446
-1548251.22125975 3928195.49797446
-1545251.94252939 3928195.49797446
-1542252.66379903 3928195.49797446
-1539253.38506867 3928195.49797446
-1536254.10633831 3928195.49797446
-1533254.82760795 3928195.49797446
-1530255.54887759 3928195.49797446
-1527256.27014723 3928195.49797446
-1524256.99141688 3928195.49797446
-1521257.71268652 3928195.49797446
-1518258.43395616 3928195.49797446
-1515259.1552258 3928195.49797446
-1512259.87649544 3928195.49797446
-1509260.59776508 3928195.49797446
-1599238.95967586 3931194.77670482
-1596239.6809455 3931194.77670482
-1593240.40221514 3931194.77670482
-1590241.12348478 3931194.77670482
-1587241.84475442 3931194.77670482
-1584242.56602406 3931194.77670482
-1581243.2872937 3931194.77670482
-1578244.00856334 3931194.77670482
-1575244.72983298 3931194.77670482
-1572245.45110262 3931194.77670482
-1569246.17237226 3931194.77670482
-1566246.8936419 3931194.77670482
-1563247.61491155 3931194.77670482
-1560248.33618119 3931194.77670482
-1557249.05745083 3931194.77670482
-1554249.77872047 3931194.77670482
-1551250.49999011 3931194.77670482
-1548251.22125975 3931194.77670482
-1545251.94252939 3931194.77670482
-1542252.66379903 3931194.77670482
-1539253.38506867 3931194.77670482
-1536254.10633831 3931194.77670482
-1533254.82760795 3931194.77670482
-1530255.54887759 3931194.77670482
-1527256.27014723 3931194.77670482
-1524256.99141688 3931194.77670482
-1521257.71268652 3931194.77670482
-1518258.43395616 3931194.77670482
-1515259.1552258 3931194.77670482
-1512259.87649544 3931194.77670482
-1509260.59776508 3931194.77670482
-1506261.31903472 3931194.77670482
-1503262.04030436 3931194.77670482
-1596239.6809455 3934194.05543518
-1593240.40221514 3934194.05543518
-1590241.12348478 3934194.05543518
-1587241.84475442 3934194.05543518
-1584242.56602406 3934194.05543518
-1581243.2872937 3934194.05543518
-1578244.00856334 3934194.05543518
-1575244.72983298 3934194.05543518
-1572245.45110262 3934194.05543518
-1569246.17237226 3934194.05543518
-1566246.8936419 3934194.05543518
-1563247.61491155 3934194.05543518
-1560248.33618119 3934194.05543518
-1557249.05745083 3934194.05543518
-1554249.77872047 3934194.05543518
-1551250.49999011 3934194.05543518
-1548251.22125975 3934194.05543518
-1545251.94252939 3934194.05543518
-1542252.66379903 3934194.05543518
-1539253.38506867 3934194.05543518
-1536254.10633831 3934194.05543518
-1533254.82760795 3934194.05543518
-1530255.54887759 3934194.05543518
-1527256.27014723 3934194.05543518
-1524256.99141688 3934194.05543518
-1521257.71268652 3934194.05543518
-1518258.43395616 3934194.05543518
-1515259.1552258 3934194.05543518
-1512259.87649544 3934194.05543518
-1509260.59776508 3934194.05543518
-1506261.31903472 3934194.05543518
-1503262.04030436 3934194.05543518
-1500262.761574 3934194.05543518
-1497263.48284364 3934194.05543518
-1596239.6809455 3937193.33416554
-1593240.40221514 3937193.33416554
-1590241.12348478 3937193.33416554
-1587241.84475442 3937193.33416554
-1584242.56602406 3937193.33416554
-1581243.2872937 3937193.33416554
-1578244.00856334 3937193.33416554
-1575244.72983298 3937193.33416554
-1572245.45110262 3937193.33416554
-1569246.17237226 3937193.33416554
-1566246.8936419 3937193.33416554
-1563247.61491155 3937193.33416554
-1560248.33618119 3937193.33416554
-1557249.05745083 3937193.33416554
-1554249.77872047 3937193.33416554
-1551250.49999011 3937193.33416554
-1548251.22125975 3937193.33416554
-1545251.94252939 3937193.33416554
-1542252.66379903 3937193.33416554
-1539253.38506867 3937193.33416554
-1536254.10633831 3937193.33416554
-1533254.82760795 3937193.33416554
-1530255.54887759 3937193.33416554
-1527256.27014723 3937193.33416554
-1524256.99141688 3937193.33416554
-1521257.71268652 3937193.33416554
-1518258.43395616 3937193.33416554
-1515259.1552258 3937193.33416554
-1512259.87649544 3937193.33416554
-1509260.59776508 3937193.33416554
-1506261.31903472 3937193.33416554
-1503262.04030436 3937193.33416554
-1500262.761574 3937193.33416554
-1497263.48284364 3937193.33416554
-1494264.20411328 3937193.33416554
-1491264.92538292 3937193.33416554
-1488265.64665256 3937193.33416554
-1593240.40221514 3940192.61289589
-1590241.12348478 3940192.61289589
-1587241.84475442 3940192.61289589
-1584242.56602406 3940192.61289589
-1581243.2872937 3940192.61289589
-1578244.00856334 3940192.61289589
-1575244.72983298 3940192.61289589
-1572245.45110262 3940192.61289589
-1569246.17237226 3940192.61289589
-1566246.8936419 3940192.61289589
-1563247.61491155 3940192.61289589
-1560248.33618119 3940192.61289589
-1557249.05745083 3940192.61289589
-1554249.77872047 3940192.61289589
-1551250.49999011 3940192.61289589
-1548251.22125975 3940192.61289589
-1545251.94252939 3940192.61289589
-1542252.66379903 3940192.61289589
-1539253.38506867 3940192.61289589
-1536254.10633831 3940192.61289589
-1533254.82760795 3940192.61289589
-1530255.54887759 3940192.61289589
-1527256.27014723 3940192.61289589
-1524256.99141688 3940192.61289589
-1521257.71268652 3940192.61289589
-1518258.43395616 3940192.61289589
-1515259.1552258 3940192.61289589
-1512259.87649544 3940192.61289589
-1509260.59776508 3940192.61289589
-1506261.31903472 3940192.61289589
-1503262.04030436 3940192.61289589
-1500262.761574 3940192.61289589
-1497263.48284364 3940192.61289589
-1494264.20411328 3940192.61289589
-1491264.92538292 3940192.61289589
-1488265.64665256 3940192.61289589
-1485266.36792221 3940192.61289589
-1482267.08919185 3940192.61289589
-1581243.2872937 3943191.89162625
-1578244.00856334 3943191.89162625
-1575244.72983298 3943191.89162625
-1572245.45110262 3943191.89162625
-1569246.17237226 3943191.89162625
-1566246.8936419 3943191.89162625
-1563247.61491155 3943191.89162625
-1560248.33618119 3943191.89162625
-1557249.05745083 3943191.89162625
-1554249.77872047 3943191.89162625
-1551250.49999011 3943191.89162625
-1548251.22125975 3943191.89162625
-1545251.94252939 3943191.89162625
-1542252.66379903 3943191.89162625
-1539253.38506867 3943191.89162625
-1536254.10633831 3943191.89162625
-1533254.82760795 3943191.89162625
-1530255.54887759 3943191.89162625
-1527256.27014723 3943191.89162625
-1524256.99141688 3943191.89162625
-1521257.71268652 3943191.89162625
-1518258.43395616 3943191.89162625
-1515259.1552258 3943191.89162625
-1512259.87649544 3943191.89162625
-1509260.59776508 3943191.89162625
-1506261.31903472 3943191.89162625
-1503262.04030436 3943191.89162625
-1500262.761574 3943191.89162625
-1497263.48284364 3943191.89162625
-1494264.20411328 3943191.89162625
-1491264.92538292 3943191.89162625
-1488265.64665256 3943191.89162625
-1485266.36792221 3943191.89162625
-1482267.08919185 3943191.89162625
-1479267.81046149 3943191.89162625
-1476268.53173113 3943191.89162625
-1557249.05745083 3946191.17035661
-1554249.77872047 3946191.17035661
-1551250.49999011 3946191.17035661
-1548251.22125975 3946191.17035661
-1545251.94252939 3946191.17035661
-1542252.66379903 3946191.17035661
-1539253.38506867 3946191.17035661
-1536254.10633831 3946191.17035661
-1533254.82760795 3946191.17035661
-1530255.54887759 3946191.17035661
-1527256.27014723 3946191.17035661
-1524256.99141688 3946191.17035661
-1521257.71268652 3946191.17035661
-1518258.43395616 3946191.17035661
-1515259.1552258 3946191.17035661
-1512259.87649544 3946191.17035661
-1509260.59776508 3946191.17035661
-1506261.31903472 3946191.17035661
-1503262.04030436 3946191.17035661
-1500262.761574 3946191.17035661
-1497263.48284364 3946191.17035661
-1494264.20411328 3946191.17035661
-1491264.92538292 3946191.17035661
-1488265.64665256 3946191.17035661
-1485266.36792221 3946191.17035661
-1482267.08919185 3946191.17035661
-1479267.81046149 3946191.17035661
-1476268.53173113 3946191.17035661
-1473269.25300077 3946191.17035661
-1470269.97427041 3946191.17035661
-1467270.69554005 3946191.17035661
-1536254.10633831 3949190.44908697
-1533254.82760795 3949190.44908697
-1530255.54887759 3949190.44908697
-1527256.27014723 3949190.44908697
-1524256.99141688 3949190.44908697
-1521257.71268652 3949190.44908697
-1518258.43395616 3949190.44908697
-1515259.1552258 3949190.44908697
-1512259.87649544 3949190.44908697
-1509260.59776508 3949190.44908697
-1506261.31903472 3949190.44908697
-1503262.04030436 3949190.44908697
-1500262.761574 3949190.44908697
-1497263.48284364 3949190.44908697
-1494264.20411328 3949190.44908697
-1491264.92538292 3949190.44908697
-1488265.64665256 3949190.44908697
-1485266.36792221 3949190.44908697
-1482267.08919185 3949190.44908697
-1479267.81046149 3949190.44908697
-1476268.53173113 3949190.44908697
-1473269.25300077 3949190.44908697
-1470269.97427041 3949190.44908697
-1467270.69554005 3949190.44908697
-1464271.41680969 3949190.44908697
-1461272.13807933 3949190.44908697
-1515259.1552258 3952189.72781733
-1512259.87649544 3952189.72781733
-1509260.59776508 3952189.72781733
-1506261.31903472 3952189.72781733
-1503262.04030436 3952189.72781733
-1500262.761574 3952189.72781733
-1497263.48284364 3952189.72781733
-1494264.20411328 3952189.72781733
-1491264.92538292 3952189.72781733
-1488265.64665256 3952189.72781733
-1485266.36792221 3952189.72781733
-1482267.08919185 3952189.72781733
-1479267.81046149 3952189.72781733
-1476268.53173113 3952189.72781733
-1473269.25300077 3952189.72781733
-1470269.97427041 3952189.72781733
-1467270.69554005 3952189.72781733
-1464271.41680969 3952189.72781733
-1461272.13807933 3952189.72781733
-1458272.85934897 3952189.72781733
-1455273.58061861 3952189.72781733
-1494264.20411328 3955189.00654769
-1491264.92538292 3955189.00654769
-1488265.64665256 3955189.00654769
-1485266.36792221 3955189.00654769
-1482267.08919185 3955189.00654769
-1479267.81046149 3955189.00654769
-1476268.53173113 3955189.00654769
-1473269.25300077 3955189.00654769
-1470269.97427041 3955189.00654769
-1467270.69554005 3955189.00654769
-1464271.41680969 3955189.00654769
-1461272.13807933 3955189.00654769
-1458272.85934897 3955189.00654769
-1455273.58061861 3955189.00654769
-1452274.30188825 3955189.00654769
-1449275.02315789 3955189.00654769
-1446275.74442754 3955189.00654769
-1473269.25300077 3958188.28527805
-1470269.97427041 3958188.28527805
-1467270.69554005 3958188.28527805
-1464271.41680969 3958188.28527805
-1461272.13807933 3958188.28527805
-1458272.85934897 3958188.28527805
-1455273.58061861 3958188.28527805
-1452274.30188825 3958188.28527805
-1449275.02315789 3958188.28527805
-1446275.74442754 3958188.28527805
-1443276.46569718 3958188.28527805
-1440277.18696682 3958188.28527805
-1449275.02315789 3961187.56400841
-1446275.74442754 3961187.56400841
-1443276.46569718 3961187.56400841
-1440277.18696682 3961187.56400841
-1437277.90823646 3961187.56400841
-1434278.6295061 3961187.56400841
-1428280.07204538 3964186.84273877
-1425280.79331502 3964186.84273877
-1386290.16982035 3988181.07258164
-1383290.89108999 3991180.351312
-1380291.61235963 3991180.351312
-1377292.33362927 3994179.63004236
-1374293.05489891 3994179.63004236
-1371293.77616855 3994179.63004236
-1374293.05489891 3997178.90877272
-1371293.77616855 3997178.90877272
-1368294.4974382 3997178.90877272
-1365295.21870784 3997178.90877272
-1368294.4974382 4000178.18750308
-1365295.21870784 4000178.18750308
-1362295.93997748 4000178.18750308
-1359296.66124712 4000178.18750308
-1365295.21870784 4003177.46623344
-1362295.93997748 4003177.46623344
-1359296.66124712 4003177.46623344
-1356297.38251676 4003177.46623344
-1353298.1037864 4003177.46623344
-1350298.82505604 4003177.46623344
-1359296.66124712 4006176.7449638
-1356297.38251676 4006176.7449638
-1353298.1037864 4006176.7449638
-1350298.82505604 4006176.7449638
-1347299.54632568 4006176.7449638
-1344300.26759532 4006176.7449638
-1356297.38251676 4009176.02369416
-1353298.1037864 4009176.02369416
-1350298.82505604 4009176.02369416
-1347299.54632568 4009176.02369416
-1344300.26759532 4009176.02369416
-1341300.98886496 4009176.02369416
-1338301.7101346 4009176.02369416
-1353298.1037864 4012175.30242452
-1350298.82505604 4012175.30242452
-1347299.54632568 4012175.30242452
-1344300.26759532 4012175.30242452
-1341300.98886496 4012175.30242452
-1338301.7101346 4012175.30242452
-1335302.43140424 4012175.30242452
-1332303.15267388 4012175.30242452
-1329303.87394353 4012175.30242452
-1347299.54632568 4015174.58115488
-1344300.26759532 4015174.58115488
-1341300.98886496 4015174.58115488
-1338301.7101346 4015174.58115488
-1335302.43140424 4015174.58115488
-1332303.15267388 4015174.58115488
-1329303.87394353 4015174.58115488
-1326304.59521317 4015174.58115488
-1341300.98886496 4018173.85988523
-1338301.7101346 4018173.85988523
-1335302.43140424 4018173.85988523
-1332303.15267388 4018173.85988523
-1329303.87394353 4018173.85988523
-1326304.59521317 4018173.85988523
-1323305.31648281 4018173.85988523
-1320306.03775245 4018173.85988523
-1338301.7101346 4021173.13861559
-1335302.43140424 4021173.13861559
-1332303.15267388 4021173.13861559
-1329303.87394353 4021173.13861559
-1326304.59521317 4021173.13861559
-1323305.31648281 4021173.13861559
-1320306.03775245 4021173.13861559
-1317306.75902209 4021173.13861559
-1332303.15267388 4024172.41734595
-1329303.87394353 4024172.41734595
-1326304.59521317 4024172.41734595
-1323305.31648281 4024172.41734595
-1320306.03775245 4024172.41734595
-1317306.75902209 4024172.41734595
-1314307.48029173 4024172.41734595
-1311308.20156137 4024172.41734595
-1326304.59521317 4027171.69607631
-1323305.31648281 4027171.69607631
-1320306.03775245 4027171.69607631
-1317306.75902209 4027171.69607631
-1314307.48029173 4027171.69607631
-1311308.20156137 4027171.69607631
-1308308.92283101 4027171.69607631
-1323305.31648281 4030170.97480667
-1320306.03775245 4030170.97480667
-1317306.75902209 4030170.97480667
-1314307.48029173 4030170.97480667
-1311308.20156137 4030170.97480667
-1308308.92283101 4030170.97480667
-1305309.64410065 4030170.97480667
-1302310.36537029 4030170.97480667
-1317306.75902209 4033170.25353703
-1314307.48029173 4033170.25353703
-1311308.20156137 4033170.25353703
-1308308.92283101 4033170.25353703
-1305309.64410065 4033170.25353703
-1302310.36537029 4033170.25353703
-1299311.08663993 4033170.25353703
-1311308.20156137 4036169.53226739
-1308308.92283101 4036169.53226739
-1305309.64410065 4036169.53226739
-1302310.36537029 4036169.53226739
-1299311.08663993 4036169.53226739
-1296311.80790957 4036169.53226739
-1308308.92283101 4039168.81099775
-1305309.64410065 4039168.81099775
-1302310.36537029 4039168.81099775
-1299311.08663993 4039168.81099775
-1296311.80790957 4039168.81099775
-1293312.52917921 4039168.81099775
-1290313.25044886 4039168.81099775
-1302310.36537029 4042168.08972811
-1299311.08663993 4042168.08972811
-1296311.80790957 4042168.08972811
-1293312.52917921 4042168.08972811
-1290313.25044886 4042168.08972811
-1287313.9717185 4042168.08972811
-1296311.80790957 4045167.36845847
-1293312.52917921 4045167.36845847
-1290313.25044886 4045167.36845847
-1287313.9717185 4045167.36845847
-1284314.69298814 4045167.36845847
-1281315.41425778 4045167.36845847
-1293312.52917921 4048166.64718883
-1290313.25044886 4048166.64718883
-1287313.9717185 4048166.64718883
-1284314.69298814 4048166.64718883
-1281315.41425778 4048166.64718883
-1278316.13552742 4048166.64718883
-1287313.9717185 4051165.92591919
-1284314.69298814 4051165.92591919
-1281315.41425778 4051165.92591919
-1278316.13552742 4051165.92591919
-1275316.85679706 4051165.92591919
-1272317.5780667 4051165.92591919
-1281315.41425778 4054165.20464955
-1278316.13552742 4054165.20464955
-1275316.85679706 4054165.20464955
-1272317.5780667 4054165.20464955
-1269318.29933634 4054165.20464955
-1278316.13552742 4057164.4833799
-1275316.85679706 4057164.4833799
-1272317.5780667 4057164.4833799
-1269318.29933634 4057164.4833799
-1266319.02060598 4057164.4833799
-1257321.1844149 4057164.4833799
-1254321.90568454 4057164.4833799
-1251322.62695419 4057164.4833799
-1248323.34822383 4057164.4833799
-1245324.06949347 4057164.4833799
-1242324.79076311 4057164.4833799
-1239325.51203275 4057164.4833799
-1236326.23330239 4057164.4833799
-1233326.95457203 4057164.4833799
-1272317.5780667 4060163.76211026
-1269318.29933634 4060163.76211026
-1266319.02060598 4060163.76211026
-1263319.74187562 4060163.76211026
-1260320.46314526 4060163.76211026
-1257321.1844149 4060163.76211026
-1254321.90568454 4060163.76211026
-1251322.62695419 4060163.76211026
-1248323.34822383 4060163.76211026
-1245324.06949347 4060163.76211026
-1242324.79076311 4060163.76211026
-1239325.51203275 4060163.76211026
-1236326.23330239 4060163.76211026
-1233326.95457203 4060163.76211026
-1230327.67584167 4060163.76211026
-1227328.39711131 4060163.76211026
-1224329.11838095 4060163.76211026
-1221329.83965059 4060163.76211026
-1218330.56092023 4060163.76211026
-1266319.02060598 4063163.04084062
-1263319.74187562 4063163.04084062
-1260320.46314526 4063163.04084062
-1257321.1844149 4063163.04084062
-1254321.90568454 4063163.04084062
-1251322.62695419 4063163.04084062
-1248323.34822383 4063163.04084062
-1245324.06949347 4063163.04084062
-1242324.79076311 4063163.04084062
-1239325.51203275 4063163.04084062
-1236326.23330239 4063163.04084062
-1233326.95457203 4063163.04084062
-1230327.67584167 4063163.04084062
-1227328.39711131 4063163.04084062
-1224329.11838095 4063163.04084062
-1221329.83965059 4063163.04084062
-1218330.56092023 4063163.04084062
-1215331.28218987 4063163.04084062
-1212332.00345952 4063163.04084062
-1209332.72472916 4063163.04084062
-1206333.4459988 4063163.04084062
-1203334.16726844 4063163.04084062
-1263319.74187562 4066162.31957098
-1260320.46314526 4066162.31957098
-1257321.1844149 4066162.31957098
-1254321.90568454 4066162.31957098
-1251322.62695419 4066162.31957098
-1248323.34822383 4066162.31957098
-1245324.06949347 4066162.31957098
-1242324.79076311 4066162.31957098
-1239325.51203275 4066162.31957098
-1236326.23330239 4066162.31957098
-1233326.95457203 4066162.31957098
-1230327.67584167 4066162.31957098
-1227328.39711131 4066162.31957098
-1224329.11838095 4066162.31957098
-1221329.83965059 4066162.31957098
-1218330.56092023 4066162.31957098
-1215331.28218987 4066162.31957098
-1212332.00345952 4066162.31957098
-1209332.72472916 4066162.31957098
-1206333.4459988 4066162.31957098
-1203334.16726844 4066162.31957098
-1200334.88853808 4066162.31957098
-1197335.60980772 4066162.31957098
-1257321.1844149 4069161.59830134
-1254321.90568454 4069161.59830134
-1251322.62695419 4069161.59830134
-1248323.34822383 4069161.59830134
-1245324.06949347 4069161.59830134
-1242324.79076311 4069161.59830134
-1239325.51203275 4069161.59830134
-1236326.23330239 4069161.59830134
-1233326.95457203 4069161.59830134
-1230327.67584167 4069161.59830134
-1227328.39711131 4069161.59830134
-1224329.11838095 4069161.59830134
-1221329.83965059 4069161.59830134
-1218330.56092023 4069161.59830134
-1215331.28218987 4069161.59830134
-1212332.00345952 4069161.59830134
-1209332.72472916 4069161.59830134
-1206333.4459988 4069161.59830134
-1203334.16726844 4069161.59830134
-1200334.88853808 4069161.59830134
-1197335.60980772 4069161.59830134
-1194336.33107736 4069161.59830134
-1191337.052347 4069161.59830134
-1251322.62695419 4072160.8770317
-1248323.34822383 4072160.8770317
-1245324.06949347 4072160.8770317
-1242324.79076311 4072160.8770317
-1239325.51203275 4072160.8770317
-1236326.23330239 4072160.8770317
-1233326.95457203 4072160.8770317
-1230327.67584167 4072160.8770317
-1227328.39711131 4072160.8770317
-1224329.11838095 4072160.8770317
-1221329.83965059 4072160.8770317
-1218330.56092023 4072160.8770317
-1215331.28218987 4072160.8770317
-1212332.00345952 4072160.8770317
-1209332.72472916 4072160.8770317
-1206333.4459988 4072160.8770317
-1203334.16726844 4072160.8770317
-1200334.88853808 4072160.8770317
-1197335.60980772 4072160.8770317
-1194336.33107736 4072160.8770317
-1191337.052347 4072160.8770317
-1188337.77361664 4072160.8770317
-1248323.34822383 4075160.15576206
-1245324.06949347 4075160.15576206
-1242324.79076311 4075160.15576206
-1239325.51203275 4075160.15576206
-1236326.23330239 4075160.15576206
-1233326.95457203 4075160.15576206
-1230327.67584167 4075160.15576206
-1227328.39711131 4075160.15576206
-1224329.11838095 4075160.15576206
-1221329.83965059 4075160.15576206
-1218330.56092023 4075160.15576206
-1215331.28218987 4075160.15576206
-1212332.00345952 4075160.15576206
-1209332.72472916 4075160.15576206
-1206333.4459988 4075160.15576206
-1203334.16726844 4075160.15576206
-1200334.88853808 4075160.15576206
-1197335.60980772 4075160.15576206
-1194336.33107736 4075160.15576206
-1191337.052347 4075160.15576206
-1188337.77361664 4075160.15576206
-1185338.49488628 4075160.15576206
-1182339.21615592 4075160.15576206
-1179339.93742556 4075160.15576206
-1176340.6586952 4075160.15576206
-1242324.79076311 4078159.43449242
-1239325.51203275 4078159.43449242
-1236326.23330239 4078159.43449242
-1233326.95457203 4078159.43449242
-1230327.67584167 4078159.43449242
-1227328.39711131 4078159.43449242
-1224329.11838095 4078159.43449242
-1221329.83965059 4078159.43449242
-1218330.56092023 4078159.43449242
-1215331.28218987 4078159.43449242
-1212332.00345952 4078159.43449242
-1209332.72472916 4078159.43449242
-1206333.4459988 4078159.43449242
-1203334.16726844 4078159.43449242
-1200334.88853808 4078159.43449242
-1197335.60980772 4078159.43449242
-1194336.33107736 4078159.43449242
-1191337.052347 4078159.43449242
-1188337.77361664 4078159.43449242
-1185338.49488628 4078159.43449242
-1182339.21615592 4078159.43449242
-1179339.93742556 4078159.43449242
-1176340.6586952 4078159.43449242
-1173341.37996485 4078159.43449242
-1170342.10123449 4078159.43449242
-1167342.82250413 4078159.43449242
-1164343.54377377 4078159.43449242
-1236326.23330239 4081158.71322278
-1233326.95457203 4081158.71322278
-1230327.67584167 4081158.71322278
-1227328.39711131 4081158.71322278
-1224329.11838095 4081158.71322278
-1221329.83965059 4081158.71322278
-1218330.56092023 4081158.71322278
-1215331.28218987 4081158.71322278
-1212332.00345952 4081158.71322278
-1209332.72472916 4081158.71322278
-1206333.4459988 4081158.71322278
-1203334.16726844 4081158.71322278
-1200334.88853808 4081158.71322278
-1197335.60980772 4081158.71322278
-1194336.33107736 4081158.71322278
-1191337.052347 4081158.71322278
-1188337.77361664 4081158.71322278
-1185338.49488628 4081158.71322278
-1182339.21615592 4081158.71322278
-1179339.93742556 4081158.71322278
-1176340.6586952 4081158.71322278
-1173341.37996485 4081158.71322278
-1170342.10123449 4081158.71322278
-1167342.82250413 4081158.71322278
-1164343.54377377 4081158.71322278
-1161344.26504341 4081158.71322278
-1158344.98631305 4081158.71322278
-1233326.95457203 4084157.99195314
-1230327.67584167 4084157.99195314
-1227328.39711131 4084157.99195314
-1224329.11838095 4084157.99195314
-1221329.83965059 4084157.99195314
-1218330.56092023 4084157.99195314
-1215331.28218987 4084157.99195314
-1212332.00345952 4084157.99195314
-1209332.72472916 4084157.99195314
-1206333.4459988 4084157.99195314
-1203334.16726844 4084157.99195314
-1200334.88853808 4084157.99195314
-1197335.60980772 4084157.99195314
-1194336.33107736 4084157.99195314
-1191337.052347 4084157.99195314
-1188337.77361664 4084157.99195314
-1185338.49488628 4084157.99195314
-1182339.21615592 4084157.99195314
-1179339.93742556 4084157.99195314
-1176340.6586952 4084157.99195314
-1173341.37996485 4084157.99195314
-1170342.10123449 4084157.99195314
-1167342.82250413 4084157.99195314
-1164343.54377377 4084157.99195314
-1161344.26504341 4084157.99195314
-1158344.98631305 4084157.99195314
-1155345.70758269 4084157.99195314
-1152346.42885233 4084157.99195314
-1230327.67584167 4087157.2706835
-1227328.39711131 4087157.2706835
-1224329.11838095 4087157.2706835
-1221329.83965059 4087157.2706835
-1218330.56092023 4087157.2706835
-1215331.28218987 4087157.2706835
-1212332.00345952 4087157.2706835
-1209332.72472916 4087157.2706835
-1206333.4459988 4087157.2706835
-1203334.16726844 4087157.2706835
-1200334.88853808 4087157.2706835
-1197335.60980772 4087157.2706835
-1194336.33107736 4087157.2706835
-1191337.052347 4087157.2706835
-1188337.77361664 4087157.2706835
-1185338.49488628 4087157.2706835
-1182339.21615592 4087157.2706835
-1179339.93742556 4087157.2706835
-1176340.6586952 4087157.2706835
-1173341.37996485 4087157.2706835
-1170342.10123449 4087157.2706835
-1167342.82250413 4087157.2706835
-1164343.54377377 4087157.2706835
-1161344.26504341 4087157.2706835
-1158344.98631305 4087157.2706835
-1155345.70758269 4087157.2706835
-1152346.42885233 4087157.2706835
-1149347.15012197 4087157.2706835
-1146347.87139161 4087157.2706835
-1227328.39711131 4090156.54941386
-1224329.11838095 4090156.54941386
-1221329.83965059 4090156.54941386
-1218330.56092023 4090156.54941386
-1215331.28218987 4090156.54941386
-1212332.00345952 4090156.54941386
-1209332.72472916 4090156.54941386
-1206333.4459988 4090156.54941386
-1203334.16726844 4090156.54941386
-1200334.88853808 4090156.54941386
-1197335.60980772 4090156.54941386
-1194336.33107736 4090156.54941386
-1191337.052347 4090156.54941386
-1188337.77361664 4090156.54941386
-1185338.49488628 4090156.54941386
-1182339.21615592 4090156.54941386
-1179339.93742556 4090156.54941386
-1176340.6586952 4090156.54941386
-1173341.37996485 4090156.54941386
-1170342.10123449 4090156.54941386
-1167342.82250413 4090156.54941386
-1164343.54377377 4090156.54941386
-1161344.26504341 4090156.54941386
-1158344.98631305 4090156.54941386
-1155345.70758269 4090156.54941386
-1152346.42885233 4090156.54941386
-1149347.15012197 4090156.54941386
-1146347.87139161 4090156.54941386
-1143348.59266125 4090156.54941386
-1140349.31393089 4090156.54941386
-1227328.39711131 4093155.82814422
-1224329.11838095 4093155.82814422
-1221329.83965059 4093155.82814422
-1218330.56092023 4093155.82814422
-1215331.28218987 4093155.82814422
-1212332.00345952 4093155.82814422
-1209332.72472916 4093155.82814422
-1206333.4459988 4093155.82814422
-1203334.16726844 4093155.82814422
-1200334.88853808 4093155.82814422
-1197335.60980772 4093155.82814422
-1194336.33107736 4093155.82814422
-1191337.052347 4093155.82814422
-1188337.77361664 4093155.82814422
-1185338.49488628 4093155.82814422
-1182339.21615592 4093155.82814422
-1179339.93742556 4093155.82814422
-1176340.6586952 4093155.82814422
-1173341.37996485 4093155.82814422
-1170342.10123449 4093155.82814422
-1167342.82250413 4093155.82814422
-1164343.54377377 4093155.82814422
-1161344.26504341 4093155.82814422
-1158344.98631305 4093155.82814422
-1155345.70758269 4093155.82814422
-1152346.42885233 4093155.82814422
-1149347.15012197 4093155.82814422
-1146347.87139161 4093155.82814422
-1143348.59266125 4093155.82814422
-1140349.31393089 4093155.82814422
-1137350.03520053 4093155.82814422
-1134350.75647018 4093155.82814422
-1131351.47773982 4093155.82814422
-1128352.19900946 4093155.82814422
-1125352.9202791 4093155.82814422
-1122353.64154874 4093155.82814422
-1224329.11838095 4096155.10687457
-1221329.83965059 4096155.10687457
-1218330.56092023 4096155.10687457
-1215331.28218987 4096155.10687457
-1212332.00345952 4096155.10687457
-1209332.72472916 4096155.10687457
-1206333.4459988 4096155.10687457
-1203334.16726844 4096155.10687457
-1200334.88853808 4096155.10687457
-1197335.60980772 4096155.10687457
-1194336.33107736 4096155.10687457
-1191337.052347 4096155.10687457
-1188337.77361664 4096155.10687457
-1185338.49488628 4096155.10687457
-1182339.21615592 4096155.10687457
-1179339.93742556 4096155.10687457
-1176340.6586952 4096155.10687457
-1173341.37996485 4096155.10687457
-1170342.10123449 4096155.10687457
-1167342.82250413 4096155.10687457
-1164343.54377377 4096155.10687457
-1161344.26504341 4096155.10687457
-1158344.98631305 4096155.10687457
-1155345.70758269 4096155.10687457
-1152346.42885233 4096155.10687457
-1149347.15012197 4096155.10687457
-1146347.87139161 4096155.10687457
-1143348.59266125 4096155.10687457
-1140349.31393089 4096155.10687457
-1137350.03520053 4096155.10687457
-1134350.75647018 4096155.10687457
-1131351.47773982 4096155.10687457
-1128352.19900946 4096155.10687457
-1125352.9202791 4096155.10687457
-1122353.64154874 4096155.10687457
-1119354.36281838 4096155.10687457
-1116355.08408802 4096155.10687457
-1113355.80535766 4096155.10687457
-1110356.5266273 4096155.10687457
-1221329.83965059 4099154.38560493
-1218330.56092023 4099154.38560493
-1215331.28218987 4099154.38560493
-1212332.00345952 4099154.38560493
-1209332.72472916 4099154.38560493
-1206333.4459988 4099154.38560493
-1203334.16726844 4099154.38560493
-1200334.88853808 4099154.38560493
-1197335.60980772 4099154.38560493
-1194336.33107736 4099154.38560493
-1191337.052347 4099154.38560493
-1188337.77361664 4099154.38560493
-1185338.49488628 4099154.38560493
-1182339.21615592 4099154.38560493
-1179339.93742556 4099154.38560493
-1176340.6586952 4099154.38560493
-1173341.37996485 4099154.38560493
-1170342.10123449 4099154.38560493
-1167342.82250413 4099154.38560493
-1164343.54377377 4099154.38560493
-1161344.26504341 4099154.38560493
-1158344.98631305 4099154.38560493
-1155345.70758269 4099154.38560493
-1152346.42885233 4099154.38560493
-1149347.15012197 4099154.38560493
-1146347.87139161 4099154.38560493
-1143348.59266125 4099154.38560493
-1140349.31393089 4099154.38560493
-1137350.03520053 4099154.38560493
-1134350.75647018 4099154.38560493
-1131351.47773982 4099154.38560493
-1128352.19900946 4099154.38560493
-1125352.9202791 4099154.38560493
-1122353.64154874 4099154.38560493
-1119354.36281838 4099154.38560493
-1116355.08408802 4099154.38560493
-1113355.80535766 4099154.38560493
-1110356.5266273 4099154.38560493
-1107357.24789694 4099154.38560493
-1104357.96916658 4099154.38560493
-1221329.83965059 4102153.66433529
-1218330.56092023 4102153.66433529
-1215331.28218987 4102153.66433529
-1212332.00345952 4102153.66433529
-1209332.72472916 4102153.66433529
-1206333.4459988 4102153.66433529
-1203334.16726844 4102153.66433529
-1200334.88853808 4102153.66433529
-1197335.60980772 4102153.66433529
-1194336.33107736 4102153.66433529
-1191337.052347 4102153.66433529
-1188337.77361664 4102153.66433529
-1185338.49488628 4102153.66433529
-1182339.21615592 4102153.66433529
-1179339.93742556 4102153.66433529
-1176340.6586952 4102153.66433529
-1173341.37996485 4102153.66433529
-1170342.10123449 4102153.66433529
-1167342.82250413 4102153.66433529
-1164343.54377377 4102153.66433529
-1161344.26504341 4102153.66433529
-1158344.98631305 4102153.66433529
-1155345.70758269 4102153.66433529
-1152346.42885233 4102153.66433529
-1149347.15012197 4102153.66433529
-1146347.87139161 4102153.66433529
-1143348.59266125 4102153.66433529
-1140349.31393089 4102153.66433529
-1137350.03520053 4102153.66433529
-1134350.75647018 4102153.66433529
-1131351.47773982 4102153.66433529
-1128352.19900946 4102153.66433529
-1125352.9202791 4102153.66433529
-1122353.64154874 4102153.66433529
-1119354.36281838 4102153.66433529
-1116355.08408802 4102153.66433529
-1113355.80535766 4102153.66433529
-1110356.5266273 4102153.66433529
-1107357.24789694 4102153.66433529
-1104357.96916658 4102153.66433529
-1101358.69043622 4102153.66433529
-1098359.41170586 4102153.66433529
-1218330.56092023 4105152.94306565
-1215331.28218987 4105152.94306565
-1212332.00345952 4105152.94306565
-1209332.72472916 4105152.94306565
-1206333.4459988 4105152.94306565
-1203334.16726844 4105152.94306565
-1200334.88853808 4105152.94306565
-1197335.60980772 4105152.94306565
-1194336.33107736 4105152.94306565
-1191337.052347 4105152.94306565
-1188337.77361664 4105152.94306565
-1185338.49488628 4105152.94306565
-1182339.21615592 4105152.94306565
-1179339.93742556 4105152.94306565
-1176340.6586952 4105152.94306565
-1173341.37996485 4105152.94306565
-1170342.10123449 4105152.94306565
-1167342.82250413 4105152.94306565
-1164343.54377377 4105152.94306565
-1161344.26504341 4105152.94306565
-1158344.98631305 4105152.94306565
-1155345.70758269 4105152.94306565
-1152346.42885233 4105152.94306565
-1149347.15012197 4105152.94306565
-1146347.87139161 4105152.94306565
-1143348.59266125 4105152.94306565
-1140349.31393089 4105152.94306565
-1137350.03520053 4105152.94306565
-1134350.75647018 4105152.94306565
-1131351.47773982 4105152.94306565
-1128352.19900946 4105152.94306565
-1125352.9202791 4105152.94306565
-1122353.64154874 4105152.94306565
-1119354.36281838 4105152.94306565
-1116355.08408802 4105152.94306565
-1113355.80535766 4105152.94306565
-1110356.5266273 4105152.94306565
-1107357.24789694 4105152.94306565
-1104357.96916658 4105152.94306565
-1101358.69043622 4105152.94306565
-1098359.41170586 4105152.94306565
-1095360.13297551 4105152.94306565
-1092360.85424515 4105152.94306565
-1215331.28218987 4108152.22179601
-1212332.00345952 4108152.22179601
-1209332.72472916 4108152.22179601
-1206333.4459988 4108152.22179601
-1203334.16726844 4108152.22179601
-1200334.88853808 4108152.22179601
-1197335.60980772 4108152.22179601
-1194336.33107736 4108152.22179601
-1191337.052347 4108152.22179601
-1188337.77361664 4108152.22179601
-1185338.49488628 4108152.22179601
-1182339.21615592 4108152.22179601
-1179339.93742556 4108152.22179601
-1176340.6586952 4108152.22179601
-1173341.37996485 4108152.22179601
-1170342.10123449 4108152.22179601
-1167342.82250413 4108152.22179601
-1164343.54377377 4108152.22179601
-1161344.26504341 4108152.22179601
-1158344.98631305 4108152.22179601
-1155345.70758269 4108152.22179601
-1152346.42885233 4108152.22179601
-1149347.15012197 4108152.22179601
-1146347.87139161 4108152.22179601
-1143348.59266125 4108152.22179601
-1140349.31393089 4108152.22179601
-1137350.03520053 4108152.22179601
-1134350.75647018 4108152.22179601
-1131351.47773982 4108152.22179601
-1128352.19900946 4108152.22179601
-1125352.9202791 4108152.22179601
-1122353.64154874 4108152.22179601
-1119354.36281838 4108152.22179601
-1116355.08408802 4108152.22179601
-1113355.80535766 4108152.22179601
-1110356.5266273 4108152.22179601
-1107357.24789694 4108152.22179601
-1104357.96916658 4108152.22179601
-1101358.69043622 4108152.22179601
-1098359.41170586 4108152.22179601
-1095360.13297551 4108152.22179601
-1092360.85424515 4108152.22179601
-1089361.57551479 4108152.22179601
-1086362.29678443 4108152.22179601
-1215331.28218987 4111151.50052637
-1212332.00345952 4111151.50052637
-1209332.72472916 4111151.50052637
-1206333.4459988 4111151.50052637
-1203334.16726844 4111151.50052637
-1200334.88853808 4111151.50052637
-1197335.60980772 4111151.50052637
-1194336.33107736 4111151.50052637
-1191337.052347 4111151.50052637
-1188337.77361664 4111151.50052637
-1185338.49488628 4111151.50052637
-1182339.21615592 4111151.50052637
-1179339.93742556 4111151.50052637
-1176340.6586952 4111151.50052637
-1173341.37996485 4111151.50052637
-1170342.10123449 4111151.50052637
-1167342.82250413 4111151.50052637
-1164343.54377377 4111151.50052637
-1161344.26504341 4111151.50052637
-1158344.98631305 4111151.50052637
-1155345.70758269 4111151.50052637
-1152346.42885233 4111151.50052637
-1149347.15012197 4111151.50052637
-1146347.87139161 4111151.50052637
-1143348.59266125 4111151.50052637
-1140349.31393089 4111151.50052637
-1137350.03520053 4111151.50052637
-1134350.75647018 4111151.50052637
-1131351.47773982 4111151.50052637
-1128352.19900946 4111151.50052637
-1125352.9202791 4111151.50052637
-1122353.64154874 4111151.50052637
-1119354.36281838 4111151.50052637
-1116355.08408802 4111151.50052637
-1113355.80535766 4111151.50052637
-1110356.5266273 4111151.50052637
-1107357.24789694 4111151.50052637
-1104357.96916658 4111151.50052637
-1101358.69043622 4111151.50052637
-1098359.41170586 4111151.50052637
-1095360.13297551 4111151.50052637
-1092360.85424515 4111151.50052637
-1089361.57551479 4111151.50052637
-1086362.29678443 4111151.50052637
-1083363.01805407 4111151.50052637
-1080363.73932371 4111151.50052637
-1212332.00345952 4114150.77925673
-1209332.72472916 4114150.77925673
-1206333.4459988 4114150.77925673
-1203334.16726844 4114150.77925673
-1200334.88853808 4114150.77925673
-1197335.60980772 4114150.77925673
-1194336.33107736 4114150.77925673
-1191337.052347 4114150.77925673
-1188337.77361664 4114150.77925673
-1185338.49488628 4114150.77925673
-1182339.21615592 4114150.77925673
-1179339.93742556 4114150.77925673
-1176340.6586952 4114150.77925673
-1173341.37996485 4114150.77925673
-1170342.10123449 4114150.77925673
-1167342.82250413 4114150.77925673
-1164343.54377377 4114150.77925673
-1161344.26504341 4114150.77925673
-1158344.98631305 4114150.77925673
-1155345.70758269 4114150.77925673
-1152346.42885233 4114150.77925673
-1149347.15012197 4114150.77925673
-1146347.87139161 4114150.77925673
-1143348.59266125 4114150.77925673
-1140349.31393089 4114150.77925673
-1137350.03520053 4114150.77925673
-1134350.75647018 4114150.77925673
-1131351.47773982 4114150.77925673
-1128352.19900946 4114150.77925673
-1125352.9202791 4114150.77925673
-1122353.64154874 4114150.77925673
-1119354.36281838 4114150.77925673
-1116355.08408802 4114150.77925673
-1113355.80535766 4114150.77925673
-1110356.5266273 4114150.77925673
-1107357.24789694 4114150.77925673
-1104357.96916658 4114150.77925673
-1101358.69043622 4114150.77925673
-1098359.41170586 4114150.77925673
-1095360.13297551 4114150.77925673
-1092360.85424515 4114150.77925673
-1089361.57551479 4114150.77925673
-1086362.29678443 4114150.77925673
-1083363.01805407 4114150.77925673
-1080363.73932371 4114150.77925673
-1077364.46059335 4114150.77925673
-1074365.18186299 4114150.77925673
-1209332.72472916 4117150.05798709
-1206333.4459988 4117150.05798709
-1203334.16726844 4117150.05798709
-1200334.88853808 4117150.05798709
-1197335.60980772 4117150.05798709
-1194336.33107736 4117150.05798709
-1191337.052347 4117150.05798709
-1188337.77361664 4117150.05798709
-1185338.49488628 4117150.05798709
-1182339.21615592 4117150.05798709
-1179339.93742556 4117150.05798709
-1176340.6586952 4117150.05798709
-1173341.37996485 4117150.05798709
-1170342.10123449 4117150.05798709
-1167342.82250413 4117150.05798709
-1164343.54377377 4117150.05798709
-1161344.26504341 4117150.05798709
-1158344.98631305 4117150.05798709
-1155345.70758269 4117150.05798709
-1152346.42885233 4117150.05798709
-1149347.15012197 4117150.05798709
-1146347.87139161 4117150.05798709
-1143348.59266125 4117150.05798709
-1140349.31393089 4117150.05798709
-1137350.03520053 4117150.05798709
-1134350.75647018 4117150.05798709
-1131351.47773982 4117150.05798709
-1128352.19900946 4117150.05798709
-1125352.9202791 4117150.05798709
-1122353.64154874 4117150.05798709
-1119354.36281838 4117150.05798709
-1116355.08408802 4117150.05798709
-1113355.80535766 4117150.05798709
-1110356.5266273 4117150.05798709
-1107357.24789694 4117150.05798709
-1104357.96916658 4117150.05798709
-1101358.69043622 4117150.05798709
-1098359.41170586 4117150.05798709
-1095360.13297551 4117150.05798709
-1092360.85424515 4117150.05798709
-1089361.57551479 4117150.05798709
-1086362.29678443 4117150.05798709
-1083363.01805407 4117150.05798709
-1080363.73932371 4117150.05798709
-1077364.46059335 4117150.05798709
-1074365.18186299 4117150.05798709
-1071365.90313263 4117150.05798709
-1068366.62440227 4117150.05798709
-1206333.4459988 4120149.33671745
-1203334.16726844 4120149.33671745
-1200334.88853808 4120149.33671745
-1197335.60980772 4120149.33671745
-1194336.33107736 4120149.33671745
-1191337.052347 4120149.33671745
-1188337.77361664 4120149.33671745
-1185338.49488628 4120149.33671745
-1182339.21615592 4120149.33671745
-1179339.93742556 4120149.33671745
-1176340.6586952 4120149.33671745
-1173341.37996485 4120149.33671745
-1170342.10123449 4120149.33671745
-1167342.82250413 4120149.33671745
-1164343.54377377 4120149.33671745
-1161344.26504341 4120149.33671745
-1158344.98631305 4120149.33671745
-1155345.70758269 4120149.33671745
-1152346.42885233 4120149.33671745
-1149347.15012197 4120149.33671745
-1146347.87139161 4120149.33671745
-1143348.59266125 4120149.33671745
-1140349.31393089 4120149.33671745
-1137350.03520053 4120149.33671745
-1134350.75647018 4120149.33671745
-1131351.47773982 4120149.33671745
-1128352.19900946 4120149.33671745
-1125352.9202791 4120149.33671745
-1122353.64154874 4120149.33671745
-1119354.36281838 4120149.33671745
-1116355.08408802 4120149.33671745
-1113355.80535766 4120149.33671745
-1110356.5266273 4120149.33671745
-1107357.24789694 4120149.33671745
-1104357.96916658 4120149.33671745
-1101358.69043622 4120149.33671745
-1098359.41170586 4120149.33671745
-1095360.13297551 4120149.33671745
-1092360.85424515 4120149.33671745
-1089361.57551479 4120149.33671745
-1086362.29678443 4120149.33671745
-1083363.01805407 4120149.33671745
-1080363.73932371 4120149.33671745
-1077364.46059335 4120149.33671745
-1074365.18186299 4120149.33671745
-1071365.90313263 4120149.33671745
-1068366.62440227 4120149.33671745
-1065367.34567191 4120149.33671745
-1206333.4459988 4123148.61544781
-1203334.16726844 4123148.61544781
-1200334.88853808 4123148.61544781
-1197335.60980772 4123148.61544781
-1194336.33107736 4123148.61544781
-1191337.052347 4123148.61544781
-1188337.77361664 4123148.61544781
-1185338.49488628 4123148.61544781
-1182339.21615592 4123148.61544781
-1179339.93742556 4123148.61544781
-1176340.6586952 4123148.61544781
-1173341.37996485 4123148.61544781
-1170342.10123449 4123148.61544781
-1167342.82250413 4123148.61544781
-1164343.54377377 4123148.61544781
-1161344.26504341 4123148.61544781
-1158344.98631305 4123148.61544781
-1155345.70758269 4123148.61544781
-1152346.42885233 4123148.61544781
-1149347.15012197 4123148.61544781
-1146347.87139161 4123148.61544781
-1143348.59266125 4123148.61544781
-1140349.31393089 4123148.61544781
-1137350.03520053 4123148.61544781
-1134350.75647018 4123148.61544781
-1131351.47773982 4123148.61544781
-1128352.19900946 4123148.61544781
-1125352.9202791 4123148.61544781
-1122353.64154874 4123148.61544781
-1119354.36281838 4123148.61544781
-1116355.08408802 4123148.61544781
-1113355.80535766 4123148.61544781
-1110356.5266273 4123148.61544781
-1107357.24789694 4123148.61544781
-1104357.96916658 4123148.61544781
-1101358.69043622 4123148.61544781
-1098359.41170586 4123148.61544781
-1095360.13297551 4123148.61544781
-1092360.85424515 4123148.61544781
-1089361.57551479 4123148.61544781
-1086362.29678443 4123148.61544781
-1083363.01805407 4123148.61544781
-1080363.73932371 4123148.61544781
-1077364.46059335 4123148.61544781
-1074365.18186299 4123148.61544781
-1071365.90313263 4123148.61544781
-1068366.62440227 4123148.61544781
-1065367.34567191 4123148.61544781
-1062368.06694155 4123148.61544781
-1059368.78821119 4123148.61544781
-1203334.16726844 4126147.89417817
-1200334.88853808 4126147.89417817
-1197335.60980772 4126147.89417817
-1194336.33107736 4126147.89417817
-1191337.052347 4126147.89417817
-1188337.77361664 4126147.89417817
-1185338.49488628 4126147.89417817
-1182339.21615592 4126147.89417817
-1179339.93742556 4126147.89417817
-1176340.6586952 4126147.89417817
-1173341.37996485 4126147.89417817
-1170342.10123449 4126147.89417817
-1167342.82250413 4126147.89417817
-1164343.54377377 4126147.89417817
-1161344.26504341 4126147.89417817
-1158344.98631305 4126147.89417817
-1155345.70758269 4126147.89417817
-1152346.42885233 4126147.89417817
-1149347.15012197 4126147.89417817
-1146347.87139161 4126147.89417817
-1143348.59266125 4126147.89417817
-1140349.31393089 4126147.89417817
-1137350.03520053 4126147.89417817
-1134350.75647018 4126147.89417817
-1131351.47773982 4126147.89417817
-1128352.19900946 4126147.89417817
-1125352.9202791 4126147.89417817
-1122353.64154874 4126147.89417817
-1119354.36281838 4126147.89417817
-1116355.08408802 4126147.89417817
-1113355.80535766 4126147.89417817
-1110356.5266273 4126147.89417817
-1107357.24789694 4126147.89417817
-1104357.96916658 4126147.89417817
-1101358.69043622 4126147.89417817
-1098359.41170586 4126147.89417817
-1095360.13297551 4126147.89417817
-1092360.85424515 4126147.89417817
-1089361.57551479 4126147.89417817
-1086362.29678443 4126147.89417817
-1083363.01805407 4126147.89417817
-1080363.73932371 4126147.89417817
-1077364.46059335 4126147.89417817
-1074365.18186299 4126147.89417817
-1071365.90313263 4126147.89417817
-1068366.62440227 4126147.89417817
-1065367.34567191 4126147.89417817
-1062368.06694155 4126147.89417817
-1059368.78821119 4126147.89417817
-1056369.50948084 4126147.89417817
-1053370.23075048 4126147.89417817
-1200334.88853808 4129147.17290853
-1197335.60980772 4129147.17290853
-1194336.33107736 4129147.17290853
-1191337.052347 4129147.17290853
-1188337.77361664 4129147.17290853
-1185338.49488628 4129147.17290853
-1182339.21615592 4129147.17290853
-1179339.93742556 4129147.17290853
-1176340.6586952 4129147.17290853
-1173341.37996485 4129147.17290853
-1170342.10123449 4129147.17290853
-1167342.82250413 4129147.17290853
-1164343.54377377 4129147.17290853
-1161344.26504341 4129147.17290853
-1158344.98631305 4129147.17290853
-1155345.70758269 4129147.17290853
-1152346.42885233 4129147.17290853
-1149347.15012197 4129147.17290853
-1146347.87139161 4129147.17290853
-1143348.59266125 4129147.17290853
-1140349.31393089 4129147.17290853
-1137350.03520053 4129147.17290853
-1134350.75647018 4129147.17290853
-1131351.47773982 4129147.17290853
-1128352.19900946 4129147.17290853
-1125352.9202791 4129147.17290853
-1122353.64154874 4129147.17290853
-1119354.36281838 4129147.17290853
-1116355.08408802 4129147.17290853
-1113355.80535766 4129147.17290853
-1110356.5266273 4129147.17290853
-1107357.24789694 4129147.17290853
-1104357.96916658 4129147.17290853
-1101358.69043622 4129147.17290853
-1098359.41170586 4129147.17290853
-1095360.13297551 4129147.17290853
-1092360.85424515 4129147.17290853
-1089361.57551479 4129147.17290853
-1086362.29678443 4129147.17290853
-1083363.01805407 4129147.17290853
-1080363.73932371 4129147.17290853
-1077364.46059335 4129147.17290853
-1074365.18186299 4129147.17290853
-1071365.90313263 4129147.17290853
-1068366.62440227 4129147.17290853
-1065367.34567191 4129147.17290853
-1062368.06694155 4129147.17290853
-1059368.78821119 4129147.17290853
-1056369.50948084 4129147.17290853
-1200334.88853808 4132146.45163889
-1197335.60980772 4132146.45163889
-1194336.33107736 4132146.45163889
-1191337.052347 4132146.45163889
-1188337.77361664 4132146.45163889
-1185338.49488628 4132146.45163889
-1182339.21615592 4132146.45163889
-1179339.93742556 4132146.45163889
-1176340.6586952 4132146.45163889
-1173341.37996485 4132146.45163889
-1170342.10123449 4132146.45163889
-1167342.82250413 4132146.45163889
-1164343.54377377 4132146.45163889
-1161344.26504341 4132146.45163889
-1158344.98631305 4132146.45163889
-1155345.70758269 4132146.45163889
-1152346.42885233 4132146.45163889
-1149347.15012197 4132146.45163889
-1146347.87139161 4132146.45163889
-1143348.59266125 4132146.45163889
-1140349.31393089 4132146.45163889
-1137350.03520053 4132146.45163889
-1134350.75647018 4132146.45163889
-1131351.47773982 4132146.45163889
-1128352.19900946 4132146.45163889
-1125352.9202791 4132146.45163889
-1122353.64154874 4132146.45163889
-1119354.36281838 4132146.45163889
-1116355.08408802 4132146.45163889
-1113355.80535766 4132146.45163889
-1110356.5266273 4132146.45163889
-1107357.24789694 4132146.45163889
-1104357.96916658 4132146.45163889
-1101358.69043622 4132146.45163889
-1098359.41170586 4132146.45163889
-1095360.13297551 4132146.45163889
-1092360.85424515 4132146.45163889
-1089361.57551479 4132146.45163889
-1086362.29678443 4132146.45163889
-1083363.01805407 4132146.45163889
-1080363.73932371 4132146.45163889
-1077364.46059335 4132146.45163889
-1074365.18186299 4132146.45163889
-1071365.90313263 4132146.45163889
-1068366.62440227 4132146.45163889
-1065367.34567191 4132146.45163889
-1062368.06694155 4132146.45163889
-1059368.78821119 4132146.45163889
-1197335.60980772 4135145.73036924
-1194336.33107736 4135145.73036924
-1191337.052347 4135145.73036924
-1188337.77361664 4135145.73036924
-1185338.49488628 4135145.73036924
-1182339.21615592 4135145.73036924
-1179339.93742556 4135145.73036924
-1176340.6586952 4135145.73036924
-1173341.37996485 4135145.73036924
-1170342.10123449 4135145.73036924
-1167342.82250413 4135145.73036924
-1164343.54377377 4135145.73036924
-1161344.26504341 4135145.73036924
-1158344.98631305 4135145.73036924
-1155345.70758269 4135145.73036924
-1152346.42885233 4135145.73036924
-1149347.15012197 4135145.73036924
-1146347.87139161 4135145.73036924
-1143348.59266125 4135145.73036924
-1140349.31393089 4135145.73036924
-1137350.03520053 4135145.73036924
-1134350.75647018 4135145.73036924
-1131351.47773982 4135145.73036924
-1128352.19900946 4135145.73036924
-1125352.9202791 4135145.73036924
-1122353.64154874 4135145.73036924
-1119354.36281838 4135145.73036924
-1116355.08408802 4135145.73036924
-1113355.80535766 4135145.73036924
-1110356.5266273 4135145.73036924
-1107357.24789694 4135145.73036924
-1104357.96916658 4135145.73036924
-1101358.69043622 4135145.73036924
-1098359.41170586 4135145.73036924
-1095360.13297551 4135145.73036924
-1092360.85424515 4135145.73036924
-1089361.57551479 4135145.73036924
-1086362.29678443 4135145.73036924
-1083363.01805407 4135145.73036924
-1080363.73932371 4135145.73036924
-1077364.46059335 4135145.73036924
-1074365.18186299 4135145.73036924
-1071365.90313263 4135145.73036924
-1068366.62440227 4135145.73036924
-1065367.34567191 4135145.73036924
-1062368.06694155 4135145.73036924
-1194336.33107736 4138145.0090996
-1191337.052347 4138145.0090996
-1188337.77361664 4138145.0090996
-1185338.49488628 4138145.0090996
-1182339.21615592 4138145.0090996
-1179339.93742556 4138145.0090996
-1176340.6586952 4138145.0090996
-1173341.37996485 4138145.0090996
-1170342.10123449 4138145.0090996
-1167342.82250413 4138145.0090996
-1164343.54377377 4138145.0090996
-1161344.26504341 4138145.0090996
-1158344.98631305 4138145.0090996
-1155345.70758269 4138145.0090996
-1152346.42885233 4138145.0090996
-1149347.15012197 4138145.0090996
-1146347.87139161 4138145.0090996
-1143348.59266125 4138145.0090996
-1140349.31393089 4138145.0090996
-1137350.03520053 4138145.0090996
-1134350.75647018 4138145.0090996
-1131351.47773982 4138145.0090996
-1128352.19900946 4138145.0090996
-1125352.9202791 4138145.0090996
-1122353.64154874 4138145.0090996
-1119354.36281838 4138145.0090996
-1116355.08408802 4138145.0090996
-1113355.80535766 4138145.0090996
-1110356.5266273 4138145.0090996
-1107357.24789694 4138145.0090996
-1104357.96916658 4138145.0090996
-1101358.69043622 4138145.0090996
-1098359.41170586 4138145.0090996
-1095360.13297551 4138145.0090996
-1092360.85424515 4138145.0090996
-1089361.57551479 4138145.0090996
-1086362.29678443 4138145.0090996
-1083363.01805407 4138145.0090996
-1080363.73932371 4138145.0090996
-1077364.46059335 4138145.0090996
-1074365.18186299 4138145.0090996
-1071365.90313263 4138145.0090996
-1068366.62440227 4138145.0090996
-1065367.34567191 4138145.0090996
-1194336.33107736 4141144.28782996
-1191337.052347 4141144.28782996
-1188337.77361664 4141144.28782996
-1185338.49488628 4141144.28782996
-1182339.21615592 4141144.28782996
-1179339.93742556 4141144.28782996
-1176340.6586952 4141144.28782996
-1173341.37996485 4141144.28782996
-1170342.10123449 4141144.28782996
-1167342.82250413 4141144.28782996
-1164343.54377377 4141144.28782996
-1161344.26504341 4141144.28782996
-1158344.98631305 4141144.28782996
-1155345.70758269 4141144.28782996
-1152346.42885233 4141144.28782996
-1149347.15012197 4141144.28782996
-1146347.87139161 4141144.28782996
-1143348.59266125 4141144.28782996
-1140349.31393089 4141144.28782996
-1137350.03520053 4141144.28782996
-1134350.75647018 4141144.28782996
-1131351.47773982 4141144.28782996
-1128352.19900946 4141144.28782996
-1125352.9202791 4141144.28782996
-1122353.64154874 4141144.28782996
-1119354.36281838 4141144.28782996
-1116355.08408802 4141144.28782996
-1113355.80535766 4141144.28782996
-1110356.5266273 4141144.28782996
-1107357.24789694 4141144.28782996
-1104357.96916658 4141144.28782996
-1101358.69043622 4141144.28782996
-1098359.41170586 4141144.28782996
-1095360.13297551 4141144.28782996
-1092360.85424515 4141144.28782996
-1089361.57551479 4141144.28782996
-1086362.29678443 4141144.28782996
-1083363.01805407 4141144.28782996
-1080363.73932371 4141144.28782996
-1077364.46059335 4141144.28782996
-1074365.18186299 4141144.28782996
-1071365.90313263 4141144.28782996
-1068366.62440227 4141144.28782996
-1191337.052347 4144143.56656032
-1188337.77361664 4144143.56656032
-1185338.49488628 4144143.56656032
-1182339.21615592 4144143.56656032
-1179339.93742556 4144143.56656032
-1176340.6586952 4144143.56656032
-1173341.37996485 4144143.56656032
-1170342.10123449 4144143.56656032
-1167342.82250413 4144143.56656032
-1164343.54377377 4144143.56656032
-1161344.26504341 4144143.56656032
-1158344.98631305 4144143.56656032
-1155345.70758269 4144143.56656032
-1152346.42885233 4144143.56656032
-1149347.15012197 4144143.56656032
-1146347.87139161 4144143.56656032
-1143348.59266125 4144143.56656032
-1140349.31393089 4144143.56656032
-1137350.03520053 4144143.56656032
-1134350.75647018 4144143.56656032
-1131351.47773982 4144143.56656032
-1128352.19900946 4144143.56656032
-1125352.9202791 4144143.56656032
-1122353.64154874 4144143.56656032
-1119354.36281838 4144143.56656032
-1116355.08408802 4144143.56656032
-1113355.80535766 4144143.56656032
-1110356.5266273 4144143.56656032
-1107357.24789694 4144143.56656032
-1104357.96916658 4144143.56656032
-1101358.69043622 4144143.56656032
-1098359.41170586 4144143.56656032
-1095360.13297551 4144143.56656032
-1092360.85424515 4144143.56656032
-1089361.57551479 4144143.56656032
-1086362.29678443 4144143.56656032
-1083363.01805407 4144143.56656032
-1080363.73932371 4144143.56656032
-1077364.46059335 4144143.56656032
-1074365.18186299 4144143.56656032
-1071365.90313263 4144143.56656032
-1068366.62440227 4144143.56656032
-1188337.77361664 4147142.84529068
-1185338.49488628 4147142.84529068
-1182339.21615592 4147142.84529068
-1179339.93742556 4147142.84529068
-1176340.6586952 4147142.84529068
-1173341.37996485 4147142.84529068
-1170342.10123449 4147142.84529068
-1167342.82250413 4147142.84529068
-1164343.54377377 4147142.84529068
-1161344.26504341 4147142.84529068
-1158344.98631305 4147142.84529068
-1155345.70758269 4147142.84529068
-1152346.42885233 4147142.84529068
-1149347.15012197 4147142.84529068
-1146347.87139161 4147142.84529068
-1143348.59266125 4147142.84529068
-1140349.31393089 4147142.84529068
-1137350.03520053 4147142.84529068
-1134350.75647018 4147142.84529068
-1131351.47773982 4147142.84529068
-1128352.19900946 4147142.84529068
-1125352.9202791 4147142.84529068
-1122353.64154874 4147142.84529068
-1119354.36281838 4147142.84529068
-1116355.08408802 4147142.84529068
-1113355.80535766 4147142.84529068
-1110356.5266273 4147142.84529068
-1107357.24789694 4147142.84529068
-1104357.96916658 4147142.84529068
-1101358.69043622 4147142.84529068
-1098359.41170586 4147142.84529068
-1095360.13297551 4147142.84529068
-1092360.85424515 4147142.84529068
-1089361.57551479 4147142.84529068
-1086362.29678443 4147142.84529068
-1083363.01805407 4147142.84529068
-1080363.73932371 4147142.84529068
-1077364.46059335 4147142.84529068
-1074365.18186299 4147142.84529068
-1071365.90313263 4147142.84529068
-1185338.49488628 4150142.12402104
-1182339.21615592 4150142.12402104
-1179339.93742556 4150142.12402104
-1176340.6586952 4150142.12402104
-1173341.37996485 4150142.12402104
-1170342.10123449 4150142.12402104
-1167342.82250413 4150142.12402104
-1164343.54377377 4150142.12402104
-1161344.26504341 4150142.12402104
-1158344.98631305 4150142.12402104
-1155345.70758269 4150142.12402104
-1152346.42885233 4150142.12402104
-1149347.15012197 4150142.12402104
-1146347.87139161 4150142.12402104
-1143348.59266125 4150142.12402104
-1140349.31393089 4150142.12402104
-1137350.03520053 4150142.12402104
-1134350.75647018 4150142.12402104
-1131351.47773982 4150142.12402104
-1128352.19900946 4150142.12402104
-1125352.9202791 4150142.12402104
-1122353.64154874 4150142.12402104
-1119354.36281838 4150142.12402104
-1116355.08408802 4150142.12402104
-1113355.80535766 4150142.12402104
-1110356.5266273 4150142.12402104
-1107357.24789694 4150142.12402104
-1104357.96916658 4150142.12402104
-1101358.69043622 4150142.12402104
-1098359.41170586 4150142.12402104
-1095360.13297551 4150142.12402104
-1092360.85424515 4150142.12402104
-1089361.57551479 4150142.12402104
-1086362.29678443 4150142.12402104
-1083363.01805407 4150142.12402104
-1080363.73932371 4150142.12402104
-1077364.46059335 4150142.12402104
-1074365.18186299 4150142.12402104
-1185338.49488628 4153141.4027514
-1182339.21615592 4153141.4027514
-1179339.93742556 4153141.4027514
-1176340.6586952 4153141.4027514
-1173341.37996485 4153141.4027514
-1170342.10123449 4153141.4027514
-1167342.82250413 4153141.4027514
-1164343.54377377 4153141.4027514
-1161344.26504341 4153141.4027514
-1158344.98631305 4153141.4027514
-1155345.70758269 4153141.4027514
-1152346.42885233 4153141.4027514
-1149347.15012197 4153141.4027514
-1146347.87139161 4153141.4027514
-1143348.59266125 4153141.4027514
-1140349.31393089 4153141.4027514
-1137350.03520053 4153141.4027514
-1134350.75647018 4153141.4027514
-1131351.47773982 4153141.4027514
-1128352.19900946 4153141.4027514
-1125352.9202791 4153141.4027514
-1122353.64154874 4153141.4027514
-1119354.36281838 4153141.4027514
-1116355.08408802 4153141.4027514
-1113355.80535766 4153141.4027514
-1110356.5266273 4153141.4027514
-1107357.24789694 4153141.4027514
-1104357.96916658 4153141.4027514
-1101358.69043622 4153141.4027514
-1098359.41170586 4153141.4027514
-1095360.13297551 4153141.4027514
-1092360.85424515 4153141.4027514
-1089361.57551479 4153141.4027514
-1086362.29678443 4153141.4027514
-1083363.01805407 4153141.4027514
-1080363.73932371 4153141.4027514
-1077364.46059335 4153141.4027514
-1182339.21615592 4156140.68148176
-1179339.93742556 4156140.68148176
-1176340.6586952 4156140.68148176
-1173341.37996485 4156140.68148176
-1170342.10123449 4156140.68148176
-1167342.82250413 4156140.68148176
-1164343.54377377 4156140.68148176
-1161344.26504341 4156140.68148176
-1158344.98631305 4156140.68148176
-1155345.70758269 4156140.68148176
-1152346.42885233 4156140.68148176
-1149347.15012197 4156140.68148176
-1146347.87139161 4156140.68148176
-1143348.59266125 4156140.68148176
-1140349.31393089 4156140.68148176
-1137350.03520053 4156140.68148176
-1134350.75647018 4156140.68148176
-1131351.47773982 4156140.68148176
-1128352.19900946 4156140.68148176
-1125352.9202791 4156140.68148176
-1122353.64154874 4156140.68148176
-1119354.36281838 4156140.68148176
-1116355.08408802 4156140.68148176
-1113355.80535766 4156140.68148176
-1110356.5266273 4156140.68148176
-1107357.24789694 4156140.68148176
-1104357.96916658 4156140.68148176
-1101358.69043622 4156140.68148176
-1098359.41170586 4156140.68148176
-1095360.13297551 4156140.68148176
-1092360.85424515 4156140.68148176
