-1959765.78227603 3837391.77590325
-1959765.78227603 3839629.19169986
-1995290.14292657 3825586.33163122
-1992284.52643393 3825586.33163122
-1989278.90994129 3825586.33163122
-1986273.29344865 3825586.33163122
-1983267.67695601 3825586.33163122
-1980262.06046336 3825586.33163122
-1998295.75941921 3828591.94812386
-1995290.14292657 3828591.94812386
-1992284.52643393 3828591.94812386
-1989278.90994129 3828591.94812386
-1986273.29344865 3828591.94812386
-1983267.67695601 3828591.94812386
-1980262.06046336 3828591.94812386
-1977256.44397072 3828591.94812386
-1974250.82747808 3828591.94812386
-2001301.37591185 3831597.5646165
-1998295.75941921 3831597.5646165
-1995290.14292657 3831597.5646165
-1992284.52643393 3831597.5646165
-1989278.90994129 3831597.5646165
-1986273.29344865 3831597.5646165
-1983267.67695601 3831597.5646165
-1980262.06046336 3831597.5646165
-1977256.44397072 3831597.5646165
-1974250.82747808 3831597.5646165
-1971245.21098544 3831597.5646165
-2001301.37591185 3834603.18110915
-1998295.75941921 3834603.18110915
-1995290.14292657 3834603.18110915
-1992284.52643393 3834603.18110915
-1989278.90994129 3834603.18110915
-1986273.29344865 3834603.18110915
-1983267.67695601 3834603.18110915
-1980262.06046336 3834603.18110915
-1977256.44397072 3834603.18110915
-1974250.82747808 3834603.18110915
-1971245.21098544 3834603.18110915
-2001301.37591185 3837608.79760179
-1998295.75941921 3837608.79760179
-1995290.14292657 3837608.79760179
-1992284.52643393 3837608.79760179
-1989278.90994129 3837608.79760179
-1986273.29344865 3837608.79760179
-1983267.67695601 3837608.79760179
-1980262.06046336 3837608.79760179
-1977256.44397072 3837608.79760179
-1974250.82747808 3837608.79760179
-1971245.21098544 3837608.79760179
-1968239.5944928 3837608.79760179
-2001301.37591185 3840614.41409443
-1998295.75941921 3840614.41409443
-1995290.14292657 3840614.41409443
-1992284.52643393 3840614.41409443
-1989278.90994129 3840614.41409443
-1986273.29344865 3840614.41409443
-1983267.67695601 3840614.41409443
-1980262.06046336 3840614.41409443
-1977256.44397072 3840614.41409443
