-1423364.26011211 4152981.15563509
-1423364.26011211 4155958.17483419
-1420387.240913 4161912.21323241
-1420387.240913 4164889.23243152
-1420387.240913 4167866.25163063
-1420387.240913 4170843.27082974
-1417410.22171389 4170843.27082974
-1417410.22171389 4173820.29002884
-1417410.22171389 4176797.30922795
-1417410.22171389 4179774.32842706
-1417410.22171389 4182751.34762617
-1414433.20251478 4182751.34762617
-1417410.22171389 4185728.36682528
-1414433.20251478 4185728.36682528
-1414433.20251478 4188705.38602439
-1414433.20251478 4191682.40522349
-1411456.18331567 4191682.40522349
-1414433.20251478 4194659.4244226
-1414433.20251478 4197636.44362171
-1414433.20251478 4200613.46282082
