-1706933.90190863 4130576.07913236
-1703933.98061605 4130576.07913236
-1700934.05932347 4130576.07913236
-1709933.8232012 4133576.00042494
-1706933.90190863 4133576.00042494
-1703933.98061605 4133576.00042494
-1700934.05932347 4133576.00042494
-1697934.1380309 4133576.00042494
-1712933.74449378 4136575.92171751
-1709933.8232012 4136575.92171751
-1706933.90190863 4136575.92171751
-1703933.98061605 4136575.92171751
-1700934.05932347 4136575.92171751
-1697934.1380309 4136575.92171751
-1712933.74449378 4139575.84301009
-1709933.8232012 4139575.84301009
-1706933.90190863 4139575.84301009
-1703933.98061605 4139575.84301009
-1700934.05932347 4139575.84301009
-1697934.1380309 4139575.84301009
-1712933.74449378 4142575.76430267
-1709933.8232012 4142575.76430267
-1706933.90190863 4142575.76430267
-1703933.98061605 4142575.76430267
-1700934.05932347 4142575.76430267
-1697934.1380309 4142575.76430267
-1709933.8232012 4145575.68559525
-1706933.90190863 4145575.68559525
-1703933.98061605 4145575.68559525
-1700934.05932347 4145575.68559525
-2750906.51172536 4211573.95403193
-2756906.35431051 4214573.87532451
-2753906.43301794 4214573.87532451
-2750906.51172536 4214573.87532451
-2756906.35431051 4217573.79661709
-2753906.43301794 4217573.79661709
-2750906.51172536 4217573.79661709
-2747906.59043278 4217573.79661709
-2756906.35431051 4220573.71790966
-2753906.43301794 4220573.71790966
-2750906.51172536 4220573.71790966
-2759906.27560309 4223573.63920224
-2756906.35431051 4223573.63920224
-2753906.43301794 4223573.63920224
-2750906.51172536 4223573.63920224
-2759906.27560309 4226573.56049482
-2756906.35431051 4226573.56049482
-2753906.43301794 4226573.56049482
-2762906.19689567 4229573.4817874
-2759906.27560309 4229573.4817874
-2756906.35431051 4229573.4817874
-2753906.43301794 4229573.4817874
-2765906.11818824 4232573.40307997
-2762906.19689567 4232573.40307997
-2759906.27560309 4232573.40307997
-2756906.35431051 4232573.40307997
-2753906.43301794 4232573.40307997
-2771905.9607734 4235573.32437255
-2768906.03948082 4235573.32437255
-2765906.11818824 4235573.32437255
-2762906.19689567 4235573.32437255
-2759906.27560309 4235573.32437255
-2756906.35431051 4235573.32437255
-2753906.43301794 4235573.32437255
-2777905.80335855 4238573.24566513
-2774905.88206597 4238573.24566513
-2771905.9607734 4238573.24566513
-2768906.03948082 4238573.24566513
-2765906.11818824 4238573.24566513
-2762906.19689567 4238573.24566513
-2759906.27560309 4238573.24566513
-2756906.35431051 4238573.24566513
-2753906.43301794 4238573.24566513
-2807905.01628432 4241573.1669577
-2786905.56723628 4241573.1669577
-2783905.6459437 4241573.1669577
-2780905.72465113 4241573.1669577
-2777905.80335855 4241573.1669577
-2774905.88206597 4241573.1669577
-2771905.9607734 4241573.1669577
-2768906.03948082 4241573.1669577
-2765906.11818824 4241573.1669577
-2762906.19689567 4241573.1669577
-2759906.27560309 4241573.1669577
-2756906.35431051 4241573.1669577
-2753906.43301794 4241573.1669577
-2750906.51172536 4241573.1669577
-2843904.07179524 4244573.08825028
-2840904.15050266 4244573.08825028
-2837904.22921009 4244573.08825028
-2822904.6227472 4244573.08825028
-2819904.70145462 4244573.08825028
-2816904.78016205 4244573.08825028
-2813904.85886947 4244573.08825028
-2810904.93757689 4244573.08825028
-2807905.01628432 4244573.08825028
-2804905.09499174 4244573.08825028
-2789905.48852886 4244573.08825028
-2786905.56723628 4244573.08825028
-2783905.6459437 4244573.08825028
-2780905.72465113 4244573.08825028
-2777905.80335855 4244573.08825028
-2774905.88206597 4244573.08825028
-2771905.9607734 4244573.08825028
-2768906.03948082 4244573.08825028
-2765906.11818824 4244573.08825028
-2762906.19689567 4244573.08825028
-2759906.27560309 4244573.08825028
-2756906.35431051 4244573.08825028
-2753906.43301794 4244573.08825028
-2750906.51172536 4244573.08825028
-2747906.59043278 4244573.08825028
-2744906.6691402 4244573.08825028
-2846903.99308782 4247573.00954286
-2843904.07179524 4247573.00954286
-2840904.15050266 4247573.00954286
-2837904.22921009 4247573.00954286
-2834904.30791751 4247573.00954286
-2831904.38662493 4247573.00954286
-2828904.46533236 4247573.00954286
-2825904.54403978 4247573.00954286
-2822904.6227472 4247573.00954286
-2819904.70145462 4247573.00954286
-2816904.78016205 4247573.00954286
-2813904.85886947 4247573.00954286
-2810904.93757689 4247573.00954286
-2807905.01628432 4247573.00954286
-2804905.09499174 4247573.00954286
-2789905.48852886 4247573.00954286
-2786905.56723628 4247573.00954286
-2783905.6459437 4247573.00954286
-2780905.72465113 4247573.00954286
-2777905.80335855 4247573.00954286
-2774905.88206597 4247573.00954286
-2771905.9607734 4247573.00954286
-2768906.03948082 4247573.00954286
-2765906.11818824 4247573.00954286
-2762906.19689567 4247573.00954286
-2759906.27560309 4247573.00954286
-2756906.35431051 4247573.00954286
-2753906.43301794 4247573.00954286
-2750906.51172536 4247573.00954286
-2747906.59043278 4247573.00954286
-2744906.6691402 4247573.00954286
-2741906.74784763 4247573.00954286
-2738906.82655505 4247573.00954286
-2735906.90526247 4247573.00954286
-2852903.83567297 4250572.93083543
-2849903.91438039 4250572.93083543
-2846903.99308782 4250572.93083543
-2843904.07179524 4250572.93083543
-2840904.15050266 4250572.93083543
-2837904.22921009 4250572.93083543
-2834904.30791751 4250572.93083543
-2831904.38662493 4250572.93083543
-2828904.46533236 4250572.93083543
-2825904.54403978 4250572.93083543
-2822904.6227472 4250572.93083543
-2819904.70145462 4250572.93083543
-2816904.78016205 4250572.93083543
-2813904.85886947 4250572.93083543
-2810904.93757689 4250572.93083543
-2807905.01628432 4250572.93083543
-2804905.09499174 4250572.93083543
-2789905.48852886 4250572.93083543
-2786905.56723628 4250572.93083543
-2783905.6459437 4250572.93083543
-2780905.72465113 4250572.93083543
-2777905.80335855 4250572.93083543
-2774905.88206597 4250572.93083543
-2771905.9607734 4250572.93083543
-2768906.03948082 4250572.93083543
-2765906.11818824 4250572.93083543
-2762906.19689567 4250572.93083543
-2759906.27560309 4250572.93083543
-2756906.35431051 4250572.93083543
-2753906.43301794 4250572.93083543
-2750906.51172536 4250572.93083543
-2747906.59043278 4250572.93083543
-2744906.6691402 4250572.93083543
-2741906.74784763 4250572.93083543
-2738906.82655505 4250572.93083543
-2735906.90526247 4250572.93083543
-2732906.9839699 4250572.93083543
-2855903.75696555 4253572.85212801
-2852903.83567297 4253572.85212801
-2849903.91438039 4253572.85212801
-2846903.99308782 4253572.85212801
-2843904.07179524 4253572.85212801
-2840904.15050266 4253572.85212801
-2837904.22921009 4253572.85212801
-2834904.30791751 4253572.85212801
-2831904.38662493 4253572.85212801
-2828904.46533236 4253572.85212801
-2825904.54403978 4253572.85212801
-2822904.6227472 4253572.85212801
-2819904.70145462 4253572.85212801
-2816904.78016205 4253572.85212801
-2813904.85886947 4253572.85212801
-2810904.93757689 4253572.85212801
-2807905.01628432 4253572.85212801
-2804905.09499174 4253572.85212801
-2786905.56723628 4253572.85212801
-2783905.6459437 4253572.85212801
-2780905.72465113 4253572.85212801
-2777905.80335855 4253572.85212801
-2774905.88206597 4253572.85212801
-2771905.9607734 4253572.85212801
-2768906.03948082 4253572.85212801
-2765906.11818824 4253572.85212801
-2762906.19689567 4253572.85212801
-2759906.27560309 4253572.85212801
-2756906.35431051 4253572.85212801
-2753906.43301794 4253572.85212801
-2750906.51172536 4253572.85212801
-2747906.59043278 4253572.85212801
-2744906.6691402 4253572.85212801
-2741906.74784763 4253572.85212801
-2738906.82655505 4253572.85212801
-2735906.90526247 4253572.85212801
-2732906.9839699 4253572.85212801
-2861903.5995507 4256572.77342059
-2858903.67825812 4256572.77342059
-2855903.75696555 4256572.77342059
-2852903.83567297 4256572.77342059
-2849903.91438039 4256572.77342059
-2846903.99308782 4256572.77342059
-2843904.07179524 4256572.77342059
-2840904.15050266 4256572.77342059
-2837904.22921009 4256572.77342059
-2834904.30791751 4256572.77342059
-2831904.38662493 4256572.77342059
-2828904.46533236 4256572.77342059
-2825904.54403978 4256572.77342059
-2822904.6227472 4256572.77342059
-2819904.70145462 4256572.77342059
-2816904.78016205 4256572.77342059
-2813904.85886947 4256572.77342059
-2810904.93757689 4256572.77342059
-2807905.01628432 4256572.77342059
-2786905.56723628 4256572.77342059
-2783905.6459437 4256572.77342059
-2780905.72465113 4256572.77342059
-2777905.80335855 4256572.77342059
-2774905.88206597 4256572.77342059
-2771905.9607734 4256572.77342059
-2768906.03948082 4256572.77342059
-2765906.11818824 4256572.77342059
-2762906.19689567 4256572.77342059
-2759906.27560309 4256572.77342059
-2756906.35431051 4256572.77342059
-2753906.43301794 4256572.77342059
-2750906.51172536 4256572.77342059
-2747906.59043278 4256572.77342059
-2744906.6691402 4256572.77342059
-2741906.74784763 4256572.77342059
-2738906.82655505 4256572.77342059
-2735906.90526247 4256572.77342059
-2732906.9839699 4256572.77342059
-2864903.52084328 4259572.69471316
-2861903.5995507 4259572.69471316
-2858903.67825812 4259572.69471316
-2855903.75696555 4259572.69471316
-2852903.83567297 4259572.69471316
-2849903.91438039 4259572.69471316
-2846903.99308782 4259572.69471316
-2843904.07179524 4259572.69471316
-2840904.15050266 4259572.69471316
-2837904.22921009 4259572.69471316
-2834904.30791751 4259572.69471316
-2831904.38662493 4259572.69471316
-2828904.46533236 4259572.69471316
-2825904.54403978 4259572.69471316
-2822904.6227472 4259572.69471316
-2819904.70145462 4259572.69471316
-2816904.78016205 4259572.69471316
-2813904.85886947 4259572.69471316
-2810904.93757689 4259572.69471316
-2807905.01628432 4259572.69471316
-2789905.48852886 4259572.69471316
-2786905.56723628 4259572.69471316
-2783905.6459437 4259572.69471316
-2780905.72465113 4259572.69471316
-2777905.80335855 4259572.69471316
-2774905.88206597 4259572.69471316
-2771905.9607734 4259572.69471316
-2768906.03948082 4259572.69471316
-2756906.35431051 4259572.69471316
-2753906.43301794 4259572.69471316
-2750906.51172536 4259572.69471316
-2747906.59043278 4259572.69471316
-2744906.6691402 4259572.69471316
-2741906.74784763 4259572.69471316
-2738906.82655505 4259572.69471316
-2735906.90526247 4259572.69471316
-2864903.52084328 4262572.61600574
-2861903.5995507 4262572.61600574
-2858903.67825812 4262572.61600574
-2855903.75696555 4262572.61600574
-2852903.83567297 4262572.61600574
-2849903.91438039 4262572.61600574
-2846903.99308782 4262572.61600574
-2843904.07179524 4262572.61600574
-2840904.15050266 4262572.61600574
-2837904.22921009 4262572.61600574
-2834904.30791751 4262572.61600574
-2831904.38662493 4262572.61600574
-2828904.46533236 4262572.61600574
-2825904.54403978 4262572.61600574
-2822904.6227472 4262572.61600574
-2819904.70145462 4262572.61600574
-2816904.78016205 4262572.61600574
-2813904.85886947 4262572.61600574
-2810904.93757689 4262572.61600574
-2807905.01628432 4262572.61600574
-2792905.40982143 4262572.61600574
-2789905.48852886 4262572.61600574
-2786905.56723628 4262572.61600574
-2783905.6459437 4262572.61600574
-2780905.72465113 4262572.61600574
-2777905.80335855 4262572.61600574
-2774905.88206597 4262572.61600574
-2756906.35431051 4262572.61600574
-2753906.43301794 4262572.61600574
-2750906.51172536 4262572.61600574
-2747906.59043278 4262572.61600574
-2744906.6691402 4262572.61600574
-2741906.74784763 4262572.61600574
-2738906.82655505 4262572.61600574
-2735906.90526247 4262572.61600574
-2864903.52084328 4265572.53729832
-2861903.5995507 4265572.53729832
-2858903.67825812 4265572.53729832
-2855903.75696555 4265572.53729832
-2852903.83567297 4265572.53729832
-2849903.91438039 4265572.53729832
-2846903.99308782 4265572.53729832
-2843904.07179524 4265572.53729832
-2840904.15050266 4265572.53729832
-2837904.22921009 4265572.53729832
-2834904.30791751 4265572.53729832
-2831904.38662493 4265572.53729832
-2828904.46533236 4265572.53729832
-2825904.54403978 4265572.53729832
-2822904.6227472 4265572.53729832
-2819904.70145462 4265572.53729832
-2816904.78016205 4265572.53729832
-2792905.40982143 4265572.53729832
-2789905.48852886 4265572.53729832
-2786905.56723628 4265572.53729832
-2783905.6459437 4265572.53729832
-2780905.72465113 4265572.53729832
-2777905.80335855 4265572.53729832
-2753906.43301794 4265572.53729832
-2750906.51172536 4265572.53729832
-2747906.59043278 4265572.53729832
-2744906.6691402 4265572.53729832
-2741906.74784763 4265572.53729832
-2738906.82655505 4265572.53729832
-2861903.5995507 4268572.45859089
-2858903.67825812 4268572.45859089
-2855903.75696555 4268572.45859089
-2852903.83567297 4268572.45859089
-2849903.91438039 4268572.45859089
-2846903.99308782 4268572.45859089
-2843904.07179524 4268572.45859089
-2840904.15050266 4268572.45859089
-2837904.22921009 4268572.45859089
-2834904.30791751 4268572.45859089
-2831904.38662493 4268572.45859089
-2828904.46533236 4268572.45859089
-2825904.54403978 4268572.45859089
-2798905.25240659 4268572.45859089
-2795905.33111401 4268572.45859089
-2792905.40982143 4268572.45859089
-2789905.48852886 4268572.45859089
-2786905.56723628 4268572.45859089
-2783905.6459437 4268572.45859089
-2780905.72465113 4268572.45859089
-2753906.43301794 4268572.45859089
-2750906.51172536 4268572.45859089
-2747906.59043278 4268572.45859089
-2744906.6691402 4268572.45859089
-2741906.74784763 4268572.45859089
-2738906.82655505 4268572.45859089
-2858903.67825812 4271572.37988347
-2855903.75696555 4271572.37988347
-2852903.83567297 4271572.37988347
-2849903.91438039 4271572.37988347
-2846903.99308782 4271572.37988347
-2843904.07179524 4271572.37988347
-2840904.15050266 4271572.37988347
-2837904.22921009 4271572.37988347
-2834904.30791751 4271572.37988347
-2831904.38662493 4271572.37988347
-2828904.46533236 4271572.37988347
-2807905.01628432 4271572.37988347
-2804905.09499174 4271572.37988347
-2801905.17369916 4271572.37988347
-2798905.25240659 4271572.37988347
-2795905.33111401 4271572.37988347
-2792905.40982143 4271572.37988347
-2789905.48852886 4271572.37988347
-2786905.56723628 4271572.37988347
-2783905.6459437 4271572.37988347
-2753906.43301794 4271572.37988347
-2750906.51172536 4271572.37988347
-2747906.59043278 4271572.37988347
-2744906.6691402 4271572.37988347
-2741906.74784763 4271572.37988347
-2855903.75696555 4274572.30117605
-2852903.83567297 4274572.30117605
-2849903.91438039 4274572.30117605
-2846903.99308782 4274572.30117605
-2843904.07179524 4274572.30117605
-2840904.15050266 4274572.30117605
-2837904.22921009 4274572.30117605
-2834904.30791751 4274572.30117605
-2831904.38662493 4274572.30117605
-2816904.78016205 4274572.30117605
-2813904.85886947 4274572.30117605
-2810904.93757689 4274572.30117605
-2807905.01628432 4274572.30117605
-2804905.09499174 4274572.30117605
-2801905.17369916 4274572.30117605
-2798905.25240659 4274572.30117605
-2795905.33111401 4274572.30117605
-2792905.40982143 4274572.30117605
-2789905.48852886 4274572.30117605
-2786905.56723628 4274572.30117605
-2753906.43301794 4274572.30117605
-2750906.51172536 4274572.30117605
-2747906.59043278 4274572.30117605
-2744906.6691402 4274572.30117605
-2741906.74784763 4274572.30117605
-2855903.75696555 4277572.22246862
-2852903.83567297 4277572.22246862
-2849903.91438039 4277572.22246862
-2846903.99308782 4277572.22246862
-2843904.07179524 4277572.22246862
-2840904.15050266 4277572.22246862
-2837904.22921009 4277572.22246862
-2834904.30791751 4277572.22246862
-2831904.38662493 4277572.22246862
-2828904.46533236 4277572.22246862
-2816904.78016205 4277572.22246862
-2813904.85886947 4277572.22246862
-2810904.93757689 4277572.22246862
-2807905.01628432 4277572.22246862
-2804905.09499174 4277572.22246862
-2801905.17369916 4277572.22246862
-2798905.25240659 4277572.22246862
-2795905.33111401 4277572.22246862
-2792905.40982143 4277572.22246862
-2753906.43301794 4277572.22246862
-2750906.51172536 4277572.22246862
-2747906.59043278 4277572.22246862
-2744906.6691402 4277572.22246862
-2855903.75696555 4280572.1437612
-2852903.83567297 4280572.1437612
-2849903.91438039 4280572.1437612
-2846903.99308782 4280572.1437612
-2843904.07179524 4280572.1437612
-2840904.15050266 4280572.1437612
-2837904.22921009 4280572.1437612
-2834904.30791751 4280572.1437612
-2831904.38662493 4280572.1437612
-2828904.46533236 4280572.1437612
-2825904.54403978 4280572.1437612
-2822904.6227472 4280572.1437612
-2819904.70145462 4280572.1437612
-2816904.78016205 4280572.1437612
-2813904.85886947 4280572.1437612
-2810904.93757689 4280572.1437612
-2807905.01628432 4280572.1437612
-2804905.09499174 4280572.1437612
-2801905.17369916 4280572.1437612
-2798905.25240659 4280572.1437612
-2795905.33111401 4280572.1437612
-2756906.35431051 4280572.1437612
-2753906.43301794 4280572.1437612
-2750906.51172536 4280572.1437612
-2747906.59043278 4280572.1437612
-2744906.6691402 4280572.1437612
-2855903.75696555 4283572.06505378
-2852903.83567297 4283572.06505378
-2849903.91438039 4283572.06505378
-2846903.99308782 4283572.06505378
-2843904.07179524 4283572.06505378
-2840904.15050266 4283572.06505378
-2837904.22921009 4283572.06505378
-2834904.30791751 4283572.06505378
-2831904.38662493 4283572.06505378
-2828904.46533236 4283572.06505378
-2825904.54403978 4283572.06505378
-2822904.6227472 4283572.06505378
-2819904.70145462 4283572.06505378
-2816904.78016205 4283572.06505378
-2813904.85886947 4283572.06505378
-2810904.93757689 4283572.06505378
-2807905.01628432 4283572.06505378
-2804905.09499174 4283572.06505378
-2801905.17369916 4283572.06505378
-2798905.25240659 4283572.06505378
-2759906.27560309 4283572.06505378
-2756906.35431051 4283572.06505378
-2753906.43301794 4283572.06505378
-2750906.51172536 4283572.06505378
-2747906.59043278 4283572.06505378
-2855903.75696555 4286571.98634635
-2852903.83567297 4286571.98634635
-2849903.91438039 4286571.98634635
-2846903.99308782 4286571.98634635
-2843904.07179524 4286571.98634635
-2840904.15050266 4286571.98634635
-2837904.22921009 4286571.98634635
-2834904.30791751 4286571.98634635
-2831904.38662493 4286571.98634635
-2828904.46533236 4286571.98634635
-2825904.54403978 4286571.98634635
-2822904.6227472 4286571.98634635
-2819904.70145462 4286571.98634635
-2816904.78016205 4286571.98634635
-2813904.85886947 4286571.98634635
-2810904.93757689 4286571.98634635
-2807905.01628432 4286571.98634635
-2804905.09499174 4286571.98634635
-2801905.17369916 4286571.98634635
-2762906.19689567 4286571.98634635
-2759906.27560309 4286571.98634635
-2756906.35431051 4286571.98634635
-2753906.43301794 4286571.98634635
-2750906.51172536 4286571.98634635
-2855903.75696555 4289571.90763893
-2852903.83567297 4289571.90763893
-2849903.91438039 4289571.90763893
-2846903.99308782 4289571.90763893
-2843904.07179524 4289571.90763893
-2840904.15050266 4289571.90763893
-2837904.22921009 4289571.90763893
-2834904.30791751 4289571.90763893
-2831904.38662493 4289571.90763893
-2828904.46533236 4289571.90763893
-2825904.54403978 4289571.90763893
-2822904.6227472 4289571.90763893
-2819904.70145462 4289571.90763893
-2816904.78016205 4289571.90763893
-2813904.85886947 4289571.90763893
-2810904.93757689 4289571.90763893
-2807905.01628432 4289571.90763893
-2804905.09499174 4289571.90763893
-2765906.11818824 4289571.90763893
-2762906.19689567 4289571.90763893
-2759906.27560309 4289571.90763893
-2756906.35431051 4289571.90763893
-2753906.43301794 4289571.90763893
-2855903.75696555 4292571.82893151
-2852903.83567297 4292571.82893151
-2849903.91438039 4292571.82893151
-2846903.99308782 4292571.82893151
-2843904.07179524 4292571.82893151
-2840904.15050266 4292571.82893151
-2837904.22921009 4292571.82893151
-2834904.30791751 4292571.82893151
-2831904.38662493 4292571.82893151
-2828904.46533236 4292571.82893151
-2825904.54403978 4292571.82893151
-2822904.6227472 4292571.82893151
-2819904.70145462 4292571.82893151
-2816904.78016205 4292571.82893151
-2813904.85886947 4292571.82893151
-2810904.93757689 4292571.82893151
-2807905.01628432 4292571.82893151
-2765906.11818824 4292571.82893151
-2762906.19689567 4292571.82893151
-2759906.27560309 4292571.82893151
-2756906.35431051 4292571.82893151
-2858903.67825812 4295571.75022409
-2855903.75696555 4295571.75022409
-2852903.83567297 4295571.75022409
-2849903.91438039 4295571.75022409
-2846903.99308782 4295571.75022409
-2843904.07179524 4295571.75022409
-2840904.15050266 4295571.75022409
-2837904.22921009 4295571.75022409
-2834904.30791751 4295571.75022409
-2831904.38662493 4295571.75022409
-2828904.46533236 4295571.75022409
-2825904.54403978 4295571.75022409
-2822904.6227472 4295571.75022409
-2819904.70145462 4295571.75022409
-2816904.78016205 4295571.75022409
-2813904.85886947 4295571.75022409
-2810904.93757689 4295571.75022409
-2807905.01628432 4295571.75022409
-2765906.11818824 4295571.75022409
-2762906.19689567 4295571.75022409
-2855903.75696555 4298571.67151666
-2852903.83567297 4298571.67151666
-2849903.91438039 4298571.67151666
-2846903.99308782 4298571.67151666
-2843904.07179524 4298571.67151666
-2840904.15050266 4298571.67151666
-2837904.22921009 4298571.67151666
-2834904.30791751 4298571.67151666
-2831904.38662493 4298571.67151666
-2828904.46533236 4298571.67151666
-2825904.54403978 4298571.67151666
-2822904.6227472 4298571.67151666
-2819904.70145462 4298571.67151666
-2816904.78016205 4298571.67151666
-2813904.85886947 4298571.67151666
-2810904.93757689 4298571.67151666
-2855903.75696555 4301571.59280924
-2852903.83567297 4301571.59280924
-2849903.91438039 4301571.59280924
-2846903.99308782 4301571.59280924
-2843904.07179524 4301571.59280924
-2840904.15050266 4301571.59280924
-2837904.22921009 4301571.59280924
-2834904.30791751 4301571.59280924
-2831904.38662493 4301571.59280924
-2828904.46533236 4301571.59280924
-2825904.54403978 4301571.59280924
-2822904.6227472 4301571.59280924
-2819904.70145462 4301571.59280924
-2816904.78016205 4301571.59280924
-2813904.85886947 4301571.59280924
-2858903.67825812 4304571.51410182
-2855903.75696555 4304571.51410182
-2852903.83567297 4304571.51410182
-2849903.91438039 4304571.51410182
-2846903.99308782 4304571.51410182
-2843904.07179524 4304571.51410182
-2840904.15050266 4304571.51410182
-2837904.22921009 4304571.51410182
-2834904.30791751 4304571.51410182
-2831904.38662493 4304571.51410182
-2828904.46533236 4304571.51410182
-2825904.54403978 4304571.51410182
-2822904.6227472 4304571.51410182
-2819904.70145462 4304571.51410182
-2816904.78016205 4304571.51410182
-2813904.85886947 4304571.51410182
-2858903.67825812 4307571.43539439
-2855903.75696555 4307571.43539439
-2852903.83567297 4307571.43539439
-2849903.91438039 4307571.43539439
-2846903.99308782 4307571.43539439
-2843904.07179524 4307571.43539439
-2840904.15050266 4307571.43539439
-2837904.22921009 4307571.43539439
-2834904.30791751 4307571.43539439
-2831904.38662493 4307571.43539439
-2828904.46533236 4307571.43539439
-2825904.54403978 4307571.43539439
-2822904.6227472 4307571.43539439
-2819904.70145462 4307571.43539439
-2816904.78016205 4307571.43539439
-2813904.85886947 4307571.43539439
-2864903.52084328 4310571.35668697
-2861903.5995507 4310571.35668697
-2858903.67825812 4310571.35668697
-2855903.75696555 4310571.35668697
-2852903.83567297 4310571.35668697
-2849903.91438039 4310571.35668697
-2846903.99308782 4310571.35668697
-2843904.07179524 4310571.35668697
-2840904.15050266 4310571.35668697
-2837904.22921009 4310571.35668697
-2834904.30791751 4310571.35668697
-2831904.38662493 4310571.35668697
-2828904.46533236 4310571.35668697
-2825904.54403978 4310571.35668697
-2822904.6227472 4310571.35668697
-2819904.70145462 4310571.35668697
-2816904.78016205 4310571.35668697
-2867903.44213585 4313571.27797955
-2864903.52084328 4313571.27797955
-2861903.5995507 4313571.27797955
-2858903.67825812 4313571.27797955
-2855903.75696555 4313571.27797955
-2852903.83567297 4313571.27797955
-2849903.91438039 4313571.27797955
-2846903.99308782 4313571.27797955
-2843904.07179524 4313571.27797955
-2840904.15050266 4313571.27797955
-2837904.22921009 4313571.27797955
-2834904.30791751 4313571.27797955
-2831904.38662493 4313571.27797955
-2828904.46533236 4313571.27797955
-2825904.54403978 4313571.27797955
-2822904.6227472 4313571.27797955
-2819904.70145462 4313571.27797955
-2816904.78016205 4313571.27797955
-2876903.20601358 4316571.19927212
-2873903.28472101 4316571.19927212
-2870903.36342843 4316571.19927212
-2867903.44213585 4316571.19927212
-2864903.52084328 4316571.19927212
-2861903.5995507 4316571.19927212
-2858903.67825812 4316571.19927212
-2855903.75696555 4316571.19927212
-2852903.83567297 4316571.19927212
-2849903.91438039 4316571.19927212
-2846903.99308782 4316571.19927212
-2843904.07179524 4316571.19927212
-2840904.15050266 4316571.19927212
-2837904.22921009 4316571.19927212
-2834904.30791751 4316571.19927212
-2831904.38662493 4316571.19927212
-2828904.46533236 4316571.19927212
-2825904.54403978 4316571.19927212
-2822904.6227472 4316571.19927212
-2819904.70145462 4316571.19927212
-2816904.78016205 4316571.19927212
-2876903.20601358 4319571.1205647
-2873903.28472101 4319571.1205647
-2870903.36342843 4319571.1205647
-2867903.44213585 4319571.1205647
-2864903.52084328 4319571.1205647
-2861903.5995507 4319571.1205647
-2858903.67825812 4319571.1205647
-2855903.75696555 4319571.1205647
-2852903.83567297 4319571.1205647
-2849903.91438039 4319571.1205647
-2846903.99308782 4319571.1205647
-2843904.07179524 4319571.1205647
-2840904.15050266 4319571.1205647
-2837904.22921009 4319571.1205647
-2834904.30791751 4319571.1205647
-2831904.38662493 4319571.1205647
-2828904.46533236 4319571.1205647
-2825904.54403978 4319571.1205647
-2822904.6227472 4319571.1205647
-2819904.70145462 4319571.1205647
-2882903.04859874 4322571.04185728
-2879903.12730616 4322571.04185728
-2876903.20601358 4322571.04185728
-2873903.28472101 4322571.04185728
-2870903.36342843 4322571.04185728
-2867903.44213585 4322571.04185728
-2864903.52084328 4322571.04185728
-2861903.5995507 4322571.04185728
-2858903.67825812 4322571.04185728
-2855903.75696555 4322571.04185728
-2852903.83567297 4322571.04185728
-2849903.91438039 4322571.04185728
-2846903.99308782 4322571.04185728
-2843904.07179524 4322571.04185728
-2840904.15050266 4322571.04185728
-2837904.22921009 4322571.04185728
-2834904.30791751 4322571.04185728
-2831904.38662493 4322571.04185728
-2828904.46533236 4322571.04185728
-2825904.54403978 4322571.04185728
-2888902.89118389 4325570.96314985
-2885902.96989131 4325570.96314985
-2882903.04859874 4325570.96314985
-2879903.12730616 4325570.96314985
-2876903.20601358 4325570.96314985
-2873903.28472101 4325570.96314985
-2870903.36342843 4325570.96314985
-2867903.44213585 4325570.96314985
-2864903.52084328 4325570.96314985
-2861903.5995507 4325570.96314985
-2858903.67825812 4325570.96314985
-2855903.75696555 4325570.96314985
-2852903.83567297 4325570.96314985
-2849903.91438039 4325570.96314985
-2846903.99308782 4325570.96314985
-2843904.07179524 4325570.96314985
-2840904.15050266 4325570.96314985
-2837904.22921009 4325570.96314985
-2834904.30791751 4325570.96314985
-2831904.38662493 4325570.96314985
-2894902.73376905 4328570.88444243
-2891902.81247647 4328570.88444243
-2888902.89118389 4328570.88444243
-2885902.96989131 4328570.88444243
-2882903.04859874 4328570.88444243
-2879903.12730616 4328570.88444243
-2876903.20601358 4328570.88444243
-2873903.28472101 4328570.88444243
-2870903.36342843 4328570.88444243
-2867903.44213585 4328570.88444243
-2864903.52084328 4328570.88444243
-2861903.5995507 4328570.88444243
-2858903.67825812 4328570.88444243
-2855903.75696555 4328570.88444243
-2852903.83567297 4328570.88444243
-2849903.91438039 4328570.88444243
-2846903.99308782 4328570.88444243
-2843904.07179524 4328570.88444243
-2840904.15050266 4328570.88444243
-2837904.22921009 4328570.88444243
-2903902.49764678 4331570.80573501
-2900902.5763542 4331570.80573501
-2897902.65506162 4331570.80573501
-2894902.73376905 4331570.80573501
-2891902.81247647 4331570.80573501
-2888902.89118389 4331570.80573501
-2885902.96989131 4331570.80573501
-2882903.04859874 4331570.80573501
-2879903.12730616 4331570.80573501
-2876903.20601358 4331570.80573501
-2873903.28472101 4331570.80573501
-2870903.36342843 4331570.80573501
-2867903.44213585 4331570.80573501
-2864903.52084328 4331570.80573501
-2861903.5995507 4331570.80573501
-2858903.67825812 4331570.80573501
-2855903.75696555 4331570.80573501
-2852903.83567297 4331570.80573501
-2849903.91438039 4331570.80573501
-2846903.99308782 4331570.80573501
-2843904.07179524 4331570.80573501
-2927901.86798739 4334570.72702758
-2924901.94669481 4334570.72702758
-2918902.10410966 4334570.72702758
-2915902.18281708 4334570.72702758
-2912902.26152451 4334570.72702758
-2909902.34023193 4334570.72702758
-2906902.41893935 4334570.72702758
-2903902.49764678 4334570.72702758
-2900902.5763542 4334570.72702758
-2897902.65506162 4334570.72702758
-2894902.73376905 4334570.72702758
-2891902.81247647 4334570.72702758
-2888902.89118389 4334570.72702758
-2885902.96989131 4334570.72702758
-2882903.04859874 4334570.72702758
-2879903.12730616 4334570.72702758
-2876903.20601358 4334570.72702758
-2873903.28472101 4334570.72702758
-2870903.36342843 4334570.72702758
-2867903.44213585 4334570.72702758
-2864903.52084328 4334570.72702758
-2861903.5995507 4334570.72702758
-2858903.67825812 4334570.72702758
-2855903.75696555 4334570.72702758
-2852903.83567297 4334570.72702758
-2849903.91438039 4334570.72702758
-2930901.78927997 4337570.64832016
-2927901.86798739 4337570.64832016
-2924901.94669481 4337570.64832016
-2921902.02540224 4337570.64832016
-2918902.10410966 4337570.64832016
-2915902.18281708 4337570.64832016
-2912902.26152451 4337570.64832016
-2909902.34023193 4337570.64832016
-2906902.41893935 4337570.64832016
-2903902.49764678 4337570.64832016
-2900902.5763542 4337570.64832016
-2897902.65506162 4337570.64832016
-2894902.73376905 4337570.64832016
-2891902.81247647 4337570.64832016
-2888902.89118389 4337570.64832016
-2885902.96989131 4337570.64832016
-2882903.04859874 4337570.64832016
-2879903.12730616 4337570.64832016
-2876903.20601358 4337570.64832016
-2873903.28472101 4337570.64832016
-2870903.36342843 4337570.64832016
-2867903.44213585 4337570.64832016
-2864903.52084328 4337570.64832016
-2861903.5995507 4337570.64832016
-2858903.67825812 4337570.64832016
-2855903.75696555 4337570.64832016
-2933901.71057254 4340570.56961274
-2930901.78927997 4340570.56961274
-2927901.86798739 4340570.56961274
-2924901.94669481 4340570.56961274
-2921902.02540224 4340570.56961274
-2918902.10410966 4340570.56961274
-2915902.18281708 4340570.56961274
-2912902.26152451 4340570.56961274
-2909902.34023193 4340570.56961274
-2906902.41893935 4340570.56961274
-2903902.49764678 4340570.56961274
-2900902.5763542 4340570.56961274
-2897902.65506162 4340570.56961274
-2894902.73376905 4340570.56961274
-2891902.81247647 4340570.56961274
-2888902.89118389 4340570.56961274
-2885902.96989131 4340570.56961274
-2882903.04859874 4340570.56961274
-2879903.12730616 4340570.56961274
-2876903.20601358 4340570.56961274
-2873903.28472101 4340570.56961274
-2870903.36342843 4340570.56961274
-2867903.44213585 4340570.56961274
-2864903.52084328 4340570.56961274
-2861903.5995507 4340570.56961274
-2978900.5299612 4343570.49090531
-2975900.60866862 4343570.49090531
-2972900.68737604 4343570.49090531
-2963900.92349831 4343570.49090531
-2960901.00220574 4343570.49090531
-2957901.08091316 4343570.49090531
-2954901.15962058 4343570.49090531
-2951901.238328 4343570.49090531
-2948901.31703543 4343570.49090531
-2945901.39574285 4343570.49090531
-2942901.47445027 4343570.49090531
-2939901.5531577 4343570.49090531
-2936901.63186512 4343570.49090531
-2933901.71057254 4343570.49090531
-2930901.78927997 4343570.49090531
-2927901.86798739 4343570.49090531
-2924901.94669481 4343570.49090531
-2921902.02540224 4343570.49090531
-2918902.10410966 4343570.49090531
-2915902.18281708 4343570.49090531
-2912902.26152451 4343570.49090531
-2909902.34023193 4343570.49090531
-2906902.41893935 4343570.49090531
-2903902.49764678 4343570.49090531
-2900902.5763542 4343570.49090531
-2897902.65506162 4343570.49090531
-2894902.73376905 4343570.49090531
-2891902.81247647 4343570.49090531
-2888902.89118389 4343570.49090531
-2885902.96989131 4343570.49090531
-2882903.04859874 4343570.49090531
-2879903.12730616 4343570.49090531
-2876903.20601358 4343570.49090531
-2873903.28472101 4343570.49090531
-2870903.36342843 4343570.49090531
-2984900.37254635 4346570.41219789
-2981900.45125377 4346570.41219789
-2978900.5299612 4346570.41219789
-2975900.60866862 4346570.41219789
-2972900.68737604 4346570.41219789
-2969900.76608347 4346570.41219789
-2966900.84479089 4346570.41219789
-2963900.92349831 4346570.41219789
-2960901.00220574 4346570.41219789
-2957901.08091316 4346570.41219789
-2954901.15962058 4346570.41219789
-2951901.238328 4346570.41219789
-2948901.31703543 4346570.41219789
-2945901.39574285 4346570.41219789
-2942901.47445027 4346570.41219789
-2939901.5531577 4346570.41219789
-2936901.63186512 4346570.41219789
-2933901.71057254 4346570.41219789
-2930901.78927997 4346570.41219789
-2927901.86798739 4346570.41219789
-2924901.94669481 4346570.41219789
-2921902.02540224 4346570.41219789
-2918902.10410966 4346570.41219789
-2915902.18281708 4346570.41219789
-2912902.26152451 4346570.41219789
-2909902.34023193 4346570.41219789
-2906902.41893935 4346570.41219789
-2903902.49764678 4346570.41219789
-2900902.5763542 4346570.41219789
-2897902.65506162 4346570.41219789
-2894902.73376905 4346570.41219789
-2891902.81247647 4346570.41219789
-2888902.89118389 4346570.41219789
-2885902.96989131 4346570.41219789
-2882903.04859874 4346570.41219789
-2879903.12730616 4346570.41219789
-2876903.20601358 4346570.41219789
-2987900.29383893 4349570.33349047
-2984900.37254635 4349570.33349047
-2981900.45125377 4349570.33349047
-2978900.5299612 4349570.33349047
-2975900.60866862 4349570.33349047
-2972900.68737604 4349570.33349047
-2969900.76608347 4349570.33349047
-2966900.84479089 4349570.33349047
-2963900.92349831 4349570.33349047
-2960901.00220574 4349570.33349047
-2957901.08091316 4349570.33349047
-2954901.15962058 4349570.33349047
-2951901.238328 4349570.33349047
-2948901.31703543 4349570.33349047
-2945901.39574285 4349570.33349047
-2942901.47445027 4349570.33349047
-2939901.5531577 4349570.33349047
-2936901.63186512 4349570.33349047
-2933901.71057254 4349570.33349047
-2930901.78927997 4349570.33349047
-2927901.86798739 4349570.33349047
-2924901.94669481 4349570.33349047
-2921902.02540224 4349570.33349047
-2918902.10410966 4349570.33349047
-2915902.18281708 4349570.33349047
-2912902.26152451 4349570.33349047
-2909902.34023193 4349570.33349047
-2906902.41893935 4349570.33349047
-2903902.49764678 4349570.33349047
-2900902.5763542 4349570.33349047
-2897902.65506162 4349570.33349047
-2894902.73376905 4349570.33349047
-2891902.81247647 4349570.33349047
-2888902.89118389 4349570.33349047
-2885902.96989131 4349570.33349047
-2882903.04859874 4349570.33349047
-2987900.29383893 4352570.25478305
-2984900.37254635 4352570.25478305
-2981900.45125377 4352570.25478305
-2978900.5299612 4352570.25478305
-2975900.60866862 4352570.25478305
-2972900.68737604 4352570.25478305
-2969900.76608347 4352570.25478305
-2966900.84479089 4352570.25478305
-2963900.92349831 4352570.25478305
-2960901.00220574 4352570.25478305
-2957901.08091316 4352570.25478305
-2954901.15962058 4352570.25478305
-2951901.238328 4352570.25478305
-2948901.31703543 4352570.25478305
-2945901.39574285 4352570.25478305
-2942901.47445027 4352570.25478305
-2939901.5531577 4352570.25478305
-2936901.63186512 4352570.25478305
-2933901.71057254 4352570.25478305
-2930901.78927997 4352570.25478305
-2927901.86798739 4352570.25478305
-2924901.94669481 4352570.25478305
-2921902.02540224 4352570.25478305
-2918902.10410966 4352570.25478305
-2915902.18281708 4352570.25478305
-2912902.26152451 4352570.25478305
-2909902.34023193 4352570.25478305
-2906902.41893935 4352570.25478305
-2903902.49764678 4352570.25478305
-2900902.5763542 4352570.25478305
-2897902.65506162 4352570.25478305
-2894902.73376905 4352570.25478305
-2891902.81247647 4352570.25478305
-2987900.29383893 4355570.17607562
-2984900.37254635 4355570.17607562
-2981900.45125377 4355570.17607562
-2978900.5299612 4355570.17607562
-2975900.60866862 4355570.17607562
-2972900.68737604 4355570.17607562
-2969900.76608347 4355570.17607562
-2966900.84479089 4355570.17607562
-2963900.92349831 4355570.17607562
-2960901.00220574 4355570.17607562
-2957901.08091316 4355570.17607562
-2954901.15962058 4355570.17607562
-2951901.238328 4355570.17607562
-2948901.31703543 4355570.17607562
-2945901.39574285 4355570.17607562
-2942901.47445027 4355570.17607562
-2939901.5531577 4355570.17607562
-2936901.63186512 4355570.17607562
-2933901.71057254 4355570.17607562
-2930901.78927997 4355570.17607562
-2927901.86798739 4355570.17607562
-2924901.94669481 4355570.17607562
-2921902.02540224 4355570.17607562
-2918902.10410966 4355570.17607562
-2915902.18281708 4355570.17607562
-2912902.26152451 4355570.17607562
-2909902.34023193 4355570.17607562
-2906902.41893935 4355570.17607562
-2903902.49764678 4355570.17607562
-2900902.5763542 4355570.17607562
-2897902.65506162 4355570.17607562
-2981900.45125377 4358570.0973682
-2978900.5299612 4358570.0973682
-2975900.60866862 4358570.0973682
-2972900.68737604 4358570.0973682
-2969900.76608347 4358570.0973682
-2966900.84479089 4358570.0973682
-2963900.92349831 4358570.0973682
-2960901.00220574 4358570.0973682
-2957901.08091316 4358570.0973682
-2954901.15962058 4358570.0973682
-2951901.238328 4358570.0973682
-2948901.31703543 4358570.0973682
-2945901.39574285 4358570.0973682
-2942901.47445027 4358570.0973682
-2939901.5531577 4358570.0973682
-2936901.63186512 4358570.0973682
-2933901.71057254 4358570.0973682
-2930901.78927997 4358570.0973682
-2927901.86798739 4358570.0973682
-2924901.94669481 4358570.0973682
-2921902.02540224 4358570.0973682
-2918902.10410966 4358570.0973682
-2915902.18281708 4358570.0973682
-2912902.26152451 4358570.0973682
-2909902.34023193 4358570.0973682
-2906902.41893935 4358570.0973682
-2957901.08091316 4361570.01866078
-2954901.15962058 4361570.01866078
-2951901.238328 4361570.01866078
-2948901.31703543 4361570.01866078
-2945901.39574285 4361570.01866078
-2942901.47445027 4361570.01866078
-2939901.5531577 4361570.01866078
-2936901.63186512 4361570.01866078
-2933901.71057254 4361570.01866078
-2930901.78927997 4361570.01866078
-2927901.86798739 4361570.01866078
