-2130870.25113247 3524781.20774812
-2130870.25113247 3527779.2199454
-2127872.23893519 3527779.2199454
-2127872.23893519 3530777.23214268
-2124874.22673791 3530777.23214268
-2127872.23893519 3533775.24433996
-2124874.22673791 3533775.24433996
-2127872.23893519 3536773.25653724
-2124874.22673791 3536773.25653724
-2064913.98279232 3647699.70783659
-2061915.97059504 3647699.70783659
-2064913.98279232 3650697.72003387
-2061915.97059504 3650697.72003387
-2064913.98279232 3653695.73223115
-2061915.97059504 3653695.73223115
-2058917.95839776 3653695.73223115
-2064913.98279232 3656693.74442843
-2061915.97059504 3656693.74442843
-2058917.95839776 3656693.74442843
-2055919.94620048 3656693.74442843
-2064913.98279232 3659691.75662571
-2061915.97059504 3659691.75662571
-2058917.95839776 3659691.75662571
-2055919.94620048 3659691.75662571
-2052921.9340032 3659691.75662571
-2064913.98279232 3662689.76882299
-2061915.97059504 3662689.76882299
-2058917.95839776 3662689.76882299
-2055919.94620048 3662689.76882299
-2052921.9340032 3662689.76882299
-2061915.97059504 3665687.78102027
-2058917.95839776 3665687.78102027
-2055919.94620048 3665687.78102027
-2052921.9340032 3665687.78102027
-2049923.92180592 3665687.78102027
-2058917.95839776 3668685.79321754
-2055919.94620048 3668685.79321754
-2052921.9340032 3668685.79321754
-2049923.92180592 3668685.79321754
-2046925.90960864 3668685.79321754
-2055919.94620048 3671683.80541482
-2052921.9340032 3671683.80541482
-2049923.92180592 3671683.80541482
-2046925.90960864 3671683.80541482
-2043927.89741136 3671683.80541482
-2052921.9340032 3674681.8176121
-2049923.92180592 3674681.8176121
-2046925.90960864 3674681.8176121
-2043927.89741136 3674681.8176121
-2049923.92180592 3677679.82980938
-2046925.90960864 3677679.82980938
-2043927.89741136 3677679.82980938
-2040929.88521408 3677679.82980938
-2046925.90960864 3680677.84200666
-2043927.89741136 3680677.84200666
-2040929.88521408 3680677.84200666
-2037931.8730168 3680677.84200666
-2043927.89741136 3683675.85420394
-2040929.88521408 3683675.85420394
-2037931.8730168 3683675.85420394
-2040929.88521408 3686673.86640122
-2037931.8730168 3686673.86640122
-2034933.86081952 3686673.86640122
-2037931.8730168 3689671.8785985
-2034933.86081952 3689671.8785985
-2031935.84862224 3689671.8785985
-2034933.86081952 3692669.89079578
-2031935.84862224 3692669.89079578
-2028937.83642496 3692669.89079578
-2031935.84862224 3695667.90299306
-2028937.83642496 3695667.90299306
-2031935.84862224 3698665.91519034
-2028937.83642496 3698665.91519034
-2025939.82422769 3698665.91519034
-2028937.83642496 3701663.92738762
-2025939.82422769 3701663.92738762
-2022941.81203041 3701663.92738762
-2025939.82422769 3704661.9395849
-2022941.81203041 3704661.9395849
-2019943.79983313 3704661.9395849
-2022941.81203041 3707659.95178218
-2019943.79983313 3707659.95178218
-2022941.81203041 3710657.96397946
-2019943.79983313 3710657.96397946
-2016945.78763585 3710657.96397946
-2022941.81203041 3713655.97617674
-2019943.79983313 3713655.97617674
-2016945.78763585 3713655.97617674
-2013947.77543857 3713655.97617674
-2019943.79983313 3716653.98837402
-2016945.78763585 3716653.98837402
-2013947.77543857 3716653.98837402
-2010949.76324129 3716653.98837402
-2019943.79983313 3719652.0005713
-2016945.78763585 3719652.0005713
-2013947.77543857 3719652.0005713
-2010949.76324129 3719652.0005713
-2019943.79983313 3722650.01276858
-2016945.78763585 3722650.01276858
-2013947.77543857 3722650.01276858
-2010949.76324129 3722650.01276858
-2007951.75104401 3722650.01276858
-2019943.79983313 3725648.02496586
-2016945.78763585 3725648.02496586
-2013947.77543857 3725648.02496586
-2010949.76324129 3725648.02496586
-2007951.75104401 3725648.02496586
-2004953.73884673 3725648.02496586
-2019943.79983313 3728646.03716314
-2016945.78763585 3728646.03716314
-2013947.77543857 3728646.03716314
-2010949.76324129 3728646.03716314
-2007951.75104401 3728646.03716314
-2004953.73884673 3728646.03716314
-2001955.72664945 3728646.03716314
-2019943.79983313 3731644.04936042
-2016945.78763585 3731644.04936042
-2013947.77543857 3731644.04936042
-2010949.76324129 3731644.04936042
-2007951.75104401 3731644.04936042
-2004953.73884673 3731644.04936042
-2001955.72664945 3731644.04936042
-2016945.78763585 3734642.0615577
-2013947.77543857 3734642.0615577
-2010949.76324129 3734642.0615577
-2007951.75104401 3734642.0615577
-2004953.73884673 3734642.0615577
-2001955.72664945 3734642.0615577
-1998957.71445217 3734642.0615577
-2016945.78763585 3737640.07375498
-2013947.77543857 3737640.07375498
-2010949.76324129 3737640.07375498
-2007951.75104401 3737640.07375498
-2004953.73884673 3737640.07375498
-2001955.72664945 3737640.07375498
-1998957.71445217 3737640.07375498
-1995959.70225489 3737640.07375498
-2013947.77543857 3740638.08595226
-2010949.76324129 3740638.08595226
-2007951.75104401 3740638.08595226
-2004953.73884673 3740638.08595226
-2001955.72664945 3740638.08595226
-1998957.71445217 3740638.08595226
-1995959.70225489 3740638.08595226
-1992961.69005761 3740638.08595226
-2013947.77543857 3743636.09814954
-2010949.76324129 3743636.09814954
-2007951.75104401 3743636.09814954
-2004953.73884673 3743636.09814954
-2001955.72664945 3743636.09814954
-1998957.71445217 3743636.09814954
-1995959.70225489 3743636.09814954
-1992961.69005761 3743636.09814954
-2010949.76324129 3746634.11034682
-2007951.75104401 3746634.11034682
-2004953.73884673 3746634.11034682
-2001955.72664945 3746634.11034682
-1998957.71445217 3746634.11034682
-1995959.70225489 3746634.11034682
-1992961.69005761 3746634.11034682
-1989963.67786033 3746634.11034682
-2010949.76324129 3749632.12254409
-2007951.75104401 3749632.12254409
-2004953.73884673 3749632.12254409
-2001955.72664945 3749632.12254409
-1998957.71445217 3749632.12254409
-1995959.70225489 3749632.12254409
-1992961.69005761 3749632.12254409
-2007951.75104401 3752630.13474137
-2004953.73884673 3752630.13474137
-2001955.72664945 3752630.13474137
-1998957.71445217 3752630.13474137
-1995959.70225489 3752630.13474137
-1992961.69005761 3752630.13474137
-2004953.73884673 3755628.14693865
-2001955.72664945 3755628.14693865
-1998957.71445217 3755628.14693865
-1995959.70225489 3755628.14693865
-1992961.69005761 3755628.14693865
-2001955.72664945 3758626.15913593
-1998957.71445217 3758626.15913593
-1995959.70225489 3758626.15913593
-1992961.69005761 3758626.15913593
-1995959.70225489 3761624.17133321
-1992961.69005761 3761624.17133321
-1992961.69005761 3764622.18353049
-1992961.69005761 3767620.19572777
-1992961.69005761 3770618.20792505
-1992961.69005761 3773616.22012233
-1989963.67786033 3773616.22012233
-1992961.69005761 3776614.23231961
-1989963.67786033 3776614.23231961
-1992961.69005761 3779612.24451689
-1989963.67786033 3779612.24451689
-1986965.66566305 3779612.24451689
-1992961.69005761 3782610.25671417
-1989963.67786033 3782610.25671417
-1986965.66566305 3782610.25671417
-1989963.67786033 3785608.26891145
-1986965.66566305 3785608.26891145
-1983967.65346577 3785608.26891145
-1989963.67786033 3788606.28110873
-1986965.66566305 3788606.28110873
-1983967.65346577 3788606.28110873
-1989963.67786033 3791604.29330601
-1986965.66566305 3791604.29330601
-1983967.65346577 3791604.29330601
-1989963.67786033 3794602.30550329
-1986965.66566305 3794602.30550329
-1983967.65346577 3794602.30550329
-1980969.64126849 3794602.30550329
-1989963.67786033 3797600.31770057
-1986965.66566305 3797600.31770057
-1983967.65346577 3797600.31770057
-1980969.64126849 3797600.31770057
-1986965.66566305 3800598.32989785
-1983967.65346577 3800598.32989785
-1980969.64126849 3800598.32989785
-1977971.62907121 3800598.32989785
-1986965.66566305 3803596.34209513
-1983967.65346577 3803596.34209513
-1980969.64126849 3803596.34209513
-1977971.62907121 3803596.34209513
-1986965.66566305 3806594.35429241
-1983967.65346577 3806594.35429241
-1980969.64126849 3806594.35429241
-1977971.62907121 3806594.35429241
-1974973.61687393 3806594.35429241
-1986965.66566305 3809592.36648969
-1983967.65346577 3809592.36648969
-1980969.64126849 3809592.36648969
-1977971.62907121 3809592.36648969
-1974973.61687393 3809592.36648969
-1983967.65346577 3812590.37868697
-1980969.64126849 3812590.37868697
-1977971.62907121 3812590.37868697
-1974973.61687393 3812590.37868697
-1983967.65346577 3815588.39088425
-1980969.64126849 3815588.39088425
-1977971.62907121 3815588.39088425
-1974973.61687393 3815588.39088425
-1971975.60467665 3815588.39088425
-1983967.65346577 3818586.40308153
-1980969.64126849 3818586.40308153
-1977971.62907121 3818586.40308153
-1974973.61687393 3818586.40308153
-1971975.60467665 3818586.40308153
-1980969.64126849 3821584.41527881
-1977971.62907121 3821584.41527881
-1974973.61687393 3821584.41527881
-1977440.86300593 3768233.98368547
-1980435.20709672 3771228.32777626
-1977440.86300593 3771228.32777626
-1974446.51891514 3771228.32777626
-1971452.17482435 3771228.32777626
-1983429.55118751 3774222.67186705
-1980435.20709672 3774222.67186705
-1977440.86300593 3774222.67186705
-1974446.51891514 3774222.67186705
-1971452.17482435 3774222.67186705
-1986423.8952783 3777217.01595785
-1983429.55118751 3777217.01595785
-1980435.20709672 3777217.01595785
-1977440.86300593 3777217.01595785
-1974446.51891514 3777217.01595785
-1971452.17482435 3777217.01595785
-1968457.83073356 3777217.01595785
-1986423.8952783 3780211.36004864
-1983429.55118751 3780211.36004864
-1980435.20709672 3780211.36004864
-1977440.86300593 3780211.36004864
-1974446.51891514 3780211.36004864
-1971452.17482435 3780211.36004864
-1968457.83073356 3780211.36004864
-1965463.48664276 3780211.36004864
-1983429.55118751 3783205.70413943
-1980435.20709672 3783205.70413943
-1977440.86300593 3783205.70413943
-1974446.51891514 3783205.70413943
-1971452.17482435 3783205.70413943
-1968457.83073356 3783205.70413943
-1965463.48664276 3783205.70413943
-1980435.20709672 3786200.04823022
-1977440.86300593 3786200.04823022
-1974446.51891514 3786200.04823022
-1971452.17482435 3786200.04823022
-1968457.83073356 3786200.04823022
-1965463.48664276 3786200.04823022
-1962469.14255197 3786200.04823022
-1977440.86300593 3789194.39232101
-1974446.51891514 3789194.39232101
-1971452.17482435 3789194.39232101
-1968457.83073356 3789194.39232101
-1965463.48664276 3789194.39232101
-1962469.14255197 3789194.39232101
-1983429.55118751 3792188.7364118
-1980435.20709672 3792188.7364118
-1977440.86300593 3792188.7364118
-1974446.51891514 3792188.7364118
-1971452.17482435 3792188.7364118
-1968457.83073356 3792188.7364118
-1965463.48664276 3792188.7364118
-1962469.14255197 3792188.7364118
-1986423.8952783 3795183.08050259
-1983429.55118751 3795183.08050259
-1980435.20709672 3795183.08050259
-1977440.86300593 3795183.08050259
-1974446.51891514 3795183.08050259
-1971452.17482435 3795183.08050259
-1968457.83073356 3795183.08050259
-1965463.48664276 3795183.08050259
-1989418.2393691 3798177.42459338
-1986423.8952783 3798177.42459338
-1983429.55118751 3798177.42459338
-1980435.20709672 3798177.42459338
-1977440.86300593 3798177.42459338
-1974446.51891514 3798177.42459338
-1971452.17482435 3798177.42459338
-1968457.83073356 3798177.42459338
-1989418.2393691 3801171.76868418
-1986423.8952783 3801171.76868418
-1983429.55118751 3801171.76868418
-1980435.20709672 3801171.76868418
-1977440.86300593 3801171.76868418
-1974446.51891514 3801171.76868418
-1971452.17482435 3801171.76868418
-1986423.8952783 3804166.11277497
-1983429.55118751 3804166.11277497
-1980435.20709672 3804166.11277497
-1977440.86300593 3804166.11277497
-1974446.51891514 3804166.11277497
-1971452.17482435 3804166.11277497
-1968457.83073356 3804166.11277497
-1965463.48664276 3804166.11277497
-1962469.14255197 3804166.11277497
-1959474.79846118 3804166.11277497
-1983429.55118751 3807160.45686576
-1980435.20709672 3807160.45686576
-1977440.86300593 3807160.45686576
-1974446.51891514 3807160.45686576
-1971452.17482435 3807160.45686576
-1968457.83073356 3807160.45686576
-1965463.48664276 3807160.45686576
-1962469.14255197 3807160.45686576
-1959474.79846118 3807160.45686576
-1956480.45437039 3807160.45686576
-1983429.55118751 3810154.80095655
-1980435.20709672 3810154.80095655
-1977440.86300593 3810154.80095655
-1974446.51891514 3810154.80095655
-1971452.17482435 3810154.80095655
-1968457.83073356 3810154.80095655
-1965463.48664276 3810154.80095655
-1962469.14255197 3810154.80095655
-1959474.79846118 3810154.80095655
-1956480.45437039 3810154.80095655
-1953486.1102796 3810154.80095655
-1983429.55118751 3813149.14504734
-1980435.20709672 3813149.14504734
-1977440.86300593 3813149.14504734
-1974446.51891514 3813149.14504734
-1971452.17482435 3813149.14504734
-1968457.83073356 3813149.14504734
-1965463.48664276 3813149.14504734
-1962469.14255197 3813149.14504734
-1959474.79846118 3813149.14504734
-1956480.45437039 3813149.14504734
-1983429.55118751 3816143.48913813
-1980435.20709672 3816143.48913813
-1968457.83073356 3816143.48913813
-1965463.48664276 3816143.48913813
-1962469.14255197 3816143.48913813
-1959474.79846118 3816143.48913813
-1956480.45437039 3816143.48913813
-1983429.55118751 3819137.83322892
-1980435.20709672 3819137.83322892
-1977440.86300593 3819137.83322892
-1965463.48664276 3819137.83322892
-1980435.20709672 3822132.17731972
-1983415.10775253 3783715.58107891
-1980420.20716491 3783715.58107891
-1977425.30657729 3783715.58107891
-1974430.40598967 3783715.58107891
-1971435.50540205 3783715.58107891
-1989404.90892777 3786710.48166653
-1986410.00834015 3786710.48166653
-1983415.10775253 3786710.48166653
-1980420.20716491 3786710.48166653
-1977425.30657729 3786710.48166653
-1974430.40598967 3786710.48166653
-1971435.50540205 3786710.48166653
-1968440.60481443 3786710.48166653
-1965445.70422681 3786710.48166653
-1989404.90892777 3789705.38225415
-1986410.00834015 3789705.38225415
-1983415.10775253 3789705.38225415
-1980420.20716491 3789705.38225415
-1977425.30657729 3789705.38225415
-1974430.40598967 3789705.38225415
-1971435.50540205 3789705.38225415
-1968440.60481443 3789705.38225415
-1965445.70422681 3789705.38225415
-1989404.90892777 3792700.28284177
-1986410.00834015 3792700.28284177
-1983415.10775253 3792700.28284177
-1980420.20716491 3792700.28284177
-1977425.30657729 3792700.28284177
-1974430.40598967 3792700.28284177
-1971435.50540205 3792700.28284177
-1968440.60481443 3792700.28284177
-1965445.70422681 3792700.28284177
-1962450.80363919 3792700.28284177
-1989404.90892777 3795695.18342939
-1986410.00834015 3795695.18342939
-1983415.10775253 3795695.18342939
-1980420.20716491 3795695.18342939
-1977425.30657729 3795695.18342939
-1974430.40598967 3795695.18342939
-1971435.50540205 3795695.18342939
-1968440.60481443 3795695.18342939
-1965445.70422681 3795695.18342939
-1962450.80363919 3795695.18342939
-1989404.90892777 3798690.08401701
-1986410.00834015 3798690.08401701
-1983415.10775253 3798690.08401701
-1980420.20716491 3798690.08401701
-1977425.30657729 3798690.08401701
-1974430.40598967 3798690.08401701
-1971435.50540205 3798690.08401701
-1968440.60481443 3798690.08401701
-1965445.70422681 3798690.08401701
-1962450.80363919 3798690.08401701
-1959455.90305157 3798690.08401701
-1986410.00834015 3801684.98460463
-1983415.10775253 3801684.98460463
-1980420.20716491 3801684.98460463
-1977425.30657729 3801684.98460463
-1974430.40598967 3801684.98460463
-1971435.50540205 3801684.98460463
-1968440.60481443 3801684.98460463
-1965445.70422681 3801684.98460463
-1962450.80363919 3801684.98460463
-1959455.90305157 3801684.98460463
-1986410.00834015 3804679.88519225
-1983415.10775253 3804679.88519225
-1980420.20716491 3804679.88519225
-1977425.30657729 3804679.88519225
-1974430.40598967 3804679.88519225
-1971435.50540205 3804679.88519225
-1968440.60481443 3804679.88519225
-1965445.70422681 3804679.88519225
-1962450.80363919 3804679.88519225
-1959455.90305157 3804679.88519225
-1986410.00834015 3807674.78577987
-1983415.10775253 3807674.78577987
-1980420.20716491 3807674.78577987
-1977425.30657729 3807674.78577987
-1974430.40598967 3807674.78577987
-1971435.50540205 3807674.78577987
-1968440.60481443 3807674.78577987
-1965445.70422681 3807674.78577987
-1962450.80363919 3807674.78577987
-1959455.90305157 3807674.78577987
-1956461.00246395 3807674.78577987
-1986410.00834015 3810669.68636749
-1983415.10775253 3810669.68636749
-1980420.20716491 3810669.68636749
-1977425.30657729 3810669.68636749
-1974430.40598967 3810669.68636749
-1971435.50540205 3810669.68636749
-1968440.60481443 3810669.68636749
-1965445.70422681 3810669.68636749
-1962450.80363919 3810669.68636749
-1959455.90305157 3810669.68636749
-1956461.00246395 3810669.68636749
-1953466.10187633 3810669.68636749
-1983415.10775253 3813664.58695511
-1980420.20716491 3813664.58695511
-1977425.30657729 3813664.58695511
-1974430.40598967 3813664.58695511
-1971435.50540205 3813664.58695511
-1968440.60481443 3813664.58695511
-1965445.70422681 3813664.58695511
-1962450.80363919 3813664.58695511
-1959455.90305157 3813664.58695511
-1956461.00246395 3813664.58695511
-1983415.10775253 3816659.48754273
-1980420.20716491 3816659.48754273
-1977425.30657729 3816659.48754273
-1974430.40598967 3816659.48754273
-1971435.50540205 3816659.48754273
-1968440.60481443 3816659.48754273
-1965445.70422681 3816659.48754273
-1962450.80363919 3816659.48754273
-1959455.90305157 3816659.48754273
-1983415.10775253 3819654.38813034
-1980420.20716491 3819654.38813034
-1977425.30657729 3819654.38813034
-1974430.40598967 3819654.38813034
-1971435.50540205 3819654.38813034
-1968440.60481443 3819654.38813034
-2230601.94690041 3404677.1062723
-2227603.65218668 3404677.1062723
-2224605.35747295 3404677.1062723
-2221607.06275923 3404677.1062723
-2218608.7680455 3404677.1062723
-2215610.47333178 3404677.1062723
-2227603.65218668 3407675.40098603
-2224605.35747295 3407675.40098603
-2221607.06275923 3407675.40098603
-2218608.7680455 3407675.40098603
-2215610.47333178 3407675.40098603
-2212612.17861805 3407675.40098603
-2209613.88390432 3407675.40098603
-2206615.5891906 3407675.40098603
-2203617.29447687 3407675.40098603
-2200618.99976315 3407675.40098603
-2224605.35747295 3410673.69569975
-2221607.06275923 3410673.69569975
-2218608.7680455 3410673.69569975
-2215610.47333178 3410673.69569975
-2212612.17861805 3410673.69569975
-2209613.88390432 3410673.69569975
-2206615.5891906 3410673.69569975
-2203617.29447687 3410673.69569975
-2200618.99976315 3410673.69569975
-2197620.70504942 3410673.69569975
-2194622.41033569 3410673.69569975
-2191624.11562197 3410673.69569975
-2188625.82090824 3410673.69569975
-2185627.52619451 3410673.69569975
-2182629.23148079 3410673.69569975
-2221607.06275923 3413671.99041348
-2218608.7680455 3413671.99041348
-2215610.47333178 3413671.99041348
-2212612.17861805 3413671.99041348
-2209613.88390432 3413671.99041348
-2206615.5891906 3413671.99041348
-2203617.29447687 3413671.99041348
-2200618.99976315 3413671.99041348
-2197620.70504942 3413671.99041348
-2194622.41033569 3413671.99041348
-2191624.11562197 3413671.99041348
-2188625.82090824 3413671.99041348
-2185627.52619451 3413671.99041348
-2182629.23148079 3413671.99041348
-2179630.93676706 3413671.99041348
-2176632.64205334 3413671.99041348
-2173634.34733961 3413671.99041348
-2218608.7680455 3416670.2851272
-2215610.47333178 3416670.2851272
-2212612.17861805 3416670.2851272
-2209613.88390432 3416670.2851272
-2206615.5891906 3416670.2851272
-2203617.29447687 3416670.2851272
-2200618.99976315 3416670.2851272
-2197620.70504942 3416670.2851272
-2194622.41033569 3416670.2851272
-2191624.11562197 3416670.2851272
-2188625.82090824 3416670.2851272
-2185627.52619451 3416670.2851272
-2182629.23148079 3416670.2851272
-2179630.93676706 3416670.2851272
-2176632.64205334 3416670.2851272
-2173634.34733961 3416670.2851272
-2215610.47333178 3419668.57984093
-2212612.17861805 3419668.57984093
-2209613.88390432 3419668.57984093
-2206615.5891906 3419668.57984093
-2203617.29447687 3419668.57984093
-2200618.99976315 3419668.57984093
-2197620.70504942 3419668.57984093
-2194622.41033569 3419668.57984093
-2191624.11562197 3419668.57984093
-2188625.82090824 3419668.57984093
-2185627.52619451 3419668.57984093
-2182629.23148079 3419668.57984093
-2179630.93676706 3419668.57984093
-2176632.64205334 3419668.57984093
-2173634.34733961 3419668.57984093
-2212612.17861805 3422666.87455466
-2209613.88390432 3422666.87455466
-2206615.5891906 3422666.87455466
-2203617.29447687 3422666.87455466
-2200618.99976315 3422666.87455466
-2197620.70504942 3422666.87455466
-2194622.41033569 3422666.87455466
-2191624.11562197 3422666.87455466
-2188625.82090824 3422666.87455466
-2185627.52619451 3422666.87455466
-2182629.23148079 3422666.87455466
-2179630.93676706 3422666.87455466
-2176632.64205334 3422666.87455466
-2173634.34733961 3422666.87455466
-2209613.88390432 3425665.16926838
-2206615.5891906 3425665.16926838
-2203617.29447687 3425665.16926838
-2200618.99976315 3425665.16926838
-2197620.70504942 3425665.16926838
-2194622.41033569 3425665.16926838
-2191624.11562197 3425665.16926838
-2188625.82090824 3425665.16926838
-2185627.52619451 3425665.16926838
-2182629.23148079 3425665.16926838
-2179630.93676706 3425665.16926838
-2176632.64205334 3425665.16926838
-2173634.34733961 3425665.16926838
-2206615.5891906 3428663.46398211
-2203617.29447687 3428663.46398211
-2200618.99976315 3428663.46398211
-2197620.70504942 3428663.46398211
-2194622.41033569 3428663.46398211
-2191624.11562197 3428663.46398211
-2188625.82090824 3428663.46398211
-2185627.52619451 3428663.46398211
-2182629.23148079 3428663.46398211
-2179630.93676706 3428663.46398211
-2176632.64205334 3428663.46398211
-2173634.34733961 3428663.46398211
-2203617.29447687 3431661.75869583
-2200618.99976315 3431661.75869583
-2197620.70504942 3431661.75869583
-2194622.41033569 3431661.75869583
-2191624.11562197 3431661.75869583
-2188625.82090824 3431661.75869583
-2185627.52619451 3431661.75869583
-2182629.23148079 3431661.75869583
-2179630.93676706 3431661.75869583
-2176632.64205334 3431661.75869583
-2173634.34733961 3431661.75869583
-2203617.29447687 3434660.05340956
-2200618.99976315 3434660.05340956
-2197620.70504942 3434660.05340956
-2194622.41033569 3434660.05340956
-2191624.11562197 3434660.05340956
-2188625.82090824 3434660.05340956
-2185627.52619451 3434660.05340956
-2182629.23148079 3434660.05340956
-2179630.93676706 3434660.05340956
-2176632.64205334 3434660.05340956
-2173634.34733961 3434660.05340956
-2200618.99976315 3437658.34812329
-2197620.70504942 3437658.34812329
-2194622.41033569 3437658.34812329
-2191624.11562197 3437658.34812329
-2188625.82090824 3437658.34812329
-2185627.52619451 3437658.34812329
-2182629.23148079 3437658.34812329
-2179630.93676706 3437658.34812329
-2176632.64205334 3437658.34812329
-2173634.34733961 3437658.34812329
-2197620.70504942 3440656.64283701
-2194622.41033569 3440656.64283701
-2191624.11562197 3440656.64283701
-2188625.82090824 3440656.64283701
-2185627.52619451 3440656.64283701
-2182629.23148079 3440656.64283701
-2179630.93676706 3440656.64283701
-2176632.64205334 3440656.64283701
-2173634.34733961 3440656.64283701
-2194622.41033569 3443654.93755074
-2191624.11562197 3443654.93755074
-2188625.82090824 3443654.93755074
-2185627.52619451 3443654.93755074
-2182629.23148079 3443654.93755074
-2179630.93676706 3443654.93755074
-2176632.64205334 3443654.93755074
-2173634.34733961 3443654.93755074
-2191624.11562197 3446653.23226447
-2188625.82090824 3446653.23226447
-2185627.52619451 3446653.23226447
-2182629.23148079 3446653.23226447
-2179630.93676706 3446653.23226447
-2176632.64205334 3446653.23226447
-2173634.34733961 3446653.23226447
-2188625.82090824 3449651.52697819
-2185627.52619451 3449651.52697819
-2182629.23148079 3449651.52697819
-2179630.93676706 3449651.52697819
-2176632.64205334 3449651.52697819
-2173634.34733961 3449651.52697819
-2185627.52619451 3452649.82169192
-2182629.23148079 3452649.82169192
-2179630.93676706 3452649.82169192
-2176632.64205334 3452649.82169192
-2173634.34733961 3452649.82169192
-2182629.23148079 3455648.11640564
-2179630.93676706 3455648.11640564
-2176632.64205334 3455648.11640564
-2173634.34733961 3455648.11640564
-2179630.93676706 3458646.41111937
-2176632.64205334 3458646.41111937
-2173634.34733961 3458646.41111937
-2176632.64205334 3461644.7058331
-2173634.34733961 3461644.7058331
-2173634.34733961 3464643.00054682
-2017723.02222585 3707504.87235864
-2017723.02222585 3710503.16707237
-2014724.72751212 3713501.4617861
-1990738.36980231 3743484.40892336
-1990738.36980231 3746482.70363709
-1987740.07508859 3746482.70363709
-1990738.36980231 3749480.99835081
-1990738.36980231 3752479.29306454
-1990738.36980231 3755477.58777826
-1990738.36980231 3758475.88249199
-1990738.36980231 3761474.17720572
-1990738.36980231 3764472.47191944
-1990738.36980231 3767470.76663317
-1990738.36980231 3770469.0613469
-1984741.78037486 3788458.82962925
-1984741.78037486 3791457.12434298
-1981743.48566113 3791457.12434298
-1987740.07508859 3794455.4190567
-1984741.78037486 3794455.4190567
-1981743.48566113 3794455.4190567
-1987740.07508859 3797453.71377043
-1984741.78037486 3797453.71377043
-1981743.48566113 3797453.71377043
-1978745.19094741 3797453.71377043
-1987740.07508859 3800452.00848416
-1984741.78037486 3800452.00848416
-1981743.48566113 3800452.00848416
-1978745.19094741 3800452.00848416
-1987740.07508859 3803450.30319788
-1984741.78037486 3803450.30319788
-1981743.48566113 3803450.30319788
-1978745.19094741 3803450.30319788
-1987740.07508859 3806448.59791161
-1984741.78037486 3806448.59791161
-1981743.48566113 3806448.59791161
-1978745.19094741 3806448.59791161
-1975746.89623368 3806448.59791161
-1987740.07508859 3809446.89262534
-1984741.78037486 3809446.89262534
-1981743.48566113 3809446.89262534
-1978745.19094741 3809446.89262534
-1975746.89623368 3809446.89262534
-1987740.07508859 3812445.18733906
-1984741.78037486 3812445.18733906
-1981743.48566113 3812445.18733906
-1978745.19094741 3812445.18733906
-1975746.89623368 3812445.18733906
-1972748.60151995 3812445.18733906
-1987740.07508859 3815443.48205279
-1984741.78037486 3815443.48205279
-1981743.48566113 3815443.48205279
-1978745.19094741 3815443.48205279
-1975746.89623368 3815443.48205279
-1972748.60151995 3815443.48205279
-1984741.78037486 3818441.77676651
-1981743.48566113 3818441.77676651
-1978745.19094741 3818441.77676651
-1975746.89623368 3818441.77676651
-1972748.60151995 3818441.77676651
-1969750.30680623 3818441.77676651
-1984741.78037486 3821440.07148024
-1981743.48566113 3821440.07148024
-1978745.19094741 3821440.07148024
-1975746.89623368 3821440.07148024
-1972748.60151995 3821440.07148024
-1969750.30680623 3821440.07148024
-1984741.78037486 3824438.36619397
-1981743.48566113 3824438.36619397
-1978745.19094741 3824438.36619397
-1975746.89623368 3824438.36619397
-1972748.60151995 3824438.36619397
-1969750.30680623 3824438.36619397
-1978745.19094741 3827436.66090769
-1975746.89623368 3827436.66090769
-1972748.60151995 3827436.66090769
-1969750.30680623 3827436.66090769
-1966752.0120925 3827436.66090769
-1975746.89623368 3830434.95562142
-1972748.60151995 3830434.95562142
-1969750.30680623 3830434.95562142
-1966752.0120925 3830434.95562142
-1969750.30680623 3833433.25033515
-1966752.0120925 3833433.25033515
-1963753.71737878 3833433.25033515
-1969750.30680623 3836431.54504887
-1966752.0120925 3836431.54504887
-1963753.71737878 3836431.54504887
-1969750.30680623 3839429.8397626
-1966752.0120925 3839429.8397626
-1963753.71737878 3839429.8397626
-1966752.0120925 3842428.13447632
-1963753.71737878 3842428.13447632
-1960755.42266505 3842428.13447632
-1966752.0120925 3845426.42919005
-1963753.71737878 3845426.42919005
-1960755.42266505 3845426.42919005
-1966752.0120925 3848424.72390378
-1963753.71737878 3848424.72390378
-1960755.42266505 3848424.72390378
-1957757.12795132 3848424.72390378
-1966752.0120925 3851423.0186175
-1963753.71737878 3851423.0186175
-1960755.42266505 3851423.0186175
-1957757.12795132 3851423.0186175
-1966752.0120925 3854421.31333123
-1963753.71737878 3854421.31333123
-1960755.42266505 3854421.31333123
-1957757.12795132 3854421.31333123
-1966752.0120925 3857419.60804495
-1963753.71737878 3857419.60804495
-1960755.42266505 3857419.60804495
-1957757.12795132 3857419.60804495
-1954758.8332376 3857419.60804495
-1966752.0120925 3860417.90275868
-1963753.71737878 3860417.90275868
-1960755.42266505 3860417.90275868
-1957757.12795132 3860417.90275868
-1954758.8332376 3860417.90275868
-1966752.0120925 3863416.19747241
-1963753.71737878 3863416.19747241
-1960755.42266505 3863416.19747241
-1957757.12795132 3863416.19747241
-1954758.8332376 3863416.19747241
-1966752.0120925 3866414.49218613
-1963753.71737878 3866414.49218613
-1960755.42266505 3866414.49218613
-1957757.12795132 3866414.49218613
-1954758.8332376 3866414.49218613
-1951760.53852387 3866414.49218613
-1966752.0120925 3869412.78689986
-1963753.71737878 3869412.78689986
-1960755.42266505 3869412.78689986
-1957757.12795132 3869412.78689986
-1954758.8332376 3869412.78689986
-1951760.53852387 3869412.78689986
-1966752.0120925 3872411.08161359
-1963753.71737878 3872411.08161359
-1960755.42266505 3872411.08161359
-1957757.12795132 3872411.08161359
-1954758.8332376 3872411.08161359
-1951760.53852387 3872411.08161359
-1966752.0120925 3875409.37632731
-1963753.71737878 3875409.37632731
-1960755.42266505 3875409.37632731
-1957757.12795132 3875409.37632731
-1954758.8332376 3875409.37632731
-1951760.53852387 3875409.37632731
-1948762.24381014 3875409.37632731
-1966752.0120925 3878407.67104104
-1963753.71737878 3878407.67104104
-1960755.42266505 3878407.67104104
-1957757.12795132 3878407.67104104
-1954758.8332376 3878407.67104104
-1951760.53852387 3878407.67104104
-1948762.24381014 3878407.67104104
-1966752.0120925 3881405.96575476
-1963753.71737878 3881405.96575476
-1960755.42266505 3881405.96575476
-1957757.12795132 3881405.96575476
-1954758.8332376 3881405.96575476
-1951760.53852387 3881405.96575476
-1948762.24381014 3881405.96575476
-1966752.0120925 3884404.26046849
-1963753.71737878 3884404.26046849
-1960755.42266505 3884404.26046849
-1957757.12795132 3884404.26046849
-1954758.8332376 3884404.26046849
-1951760.53852387 3884404.26046849
-1963753.71737878 3887402.55518222
-1960755.42266505 3887402.55518222
-1957757.12795132 3887402.55518222
-1954758.8332376 3887402.55518222
-1963753.71737878 3890400.84989594
-1960755.42266505 3890400.84989594
-1957757.12795132 3890400.84989594
-1954758.8332376 3890400.84989594
-1963753.71737878 3893399.14460967
-1960755.42266505 3893399.14460967
-1957757.12795132 3893399.14460967
-1963753.71737878 3896397.4393234
-1960755.42266505 3896397.4393234
-1957757.12795132 3896397.4393234
-1960755.42266505 3899395.73403712
-1957757.12795132 3899395.73403712
-1960755.42266505 3902394.02875085
-1957757.12795132 3902394.02875085
-1957757.12795132 3956363.33359792
-1957757.12795132 3959361.62831165
-1957757.12795132 3962359.92302537
-1957757.12795132 3965358.2177391
-1957757.12795132 3968356.51245282
-1957757.12795132 3971354.80716655
-1954758.8332376 3971354.80716655
-1957757.12795132 3974353.10188028
-1954758.8332376 3974353.10188028
-1957757.12795132 3977351.396594
-1954758.8332376 3977351.396594
-1957757.12795132 3980349.69130773
-1954758.8332376 3980349.69130773
-1954758.8332376 3983347.98602146
-1951760.53852387 3986346.28073518
-1951760.53852387 3989344.57544891
-1948762.24381014 3992342.87016263
-1945763.94909642 3998339.45959009
-1942765.65438269 3998339.45959009
-1942765.65438269 4001337.75430381
-1939767.35966897 4001337.75430381
-1942765.65438269 4004336.04901754
-1939767.35966897 4004336.04901754
-1936769.06495524 4004336.04901754
-1933770.77024151 4004336.04901754
-1942765.65438269 4007334.34373126
-1939767.35966897 4007334.34373126
-1936769.06495524 4007334.34373126
-1933770.77024151 4007334.34373126
-1939767.35966897 4010332.63844499
-1936769.06495524 4010332.63844499
-1933770.77024151 4010332.63844499
-1939767.35966897 4013330.93315872
-1936769.06495524 4013330.93315872
-1933770.77024151 4013330.93315872
-1939767.35966897 4016329.22787244
-1936769.06495524 4016329.22787244
-1933770.77024151 4016329.22787244
-1930772.47552779 4016329.22787244
-1936769.06495524 4019327.52258617
-1933770.77024151 4019327.52258617
-1930772.47552779 4019327.52258617
-1936769.06495524 4022325.8172999
-1933770.77024151 4022325.8172999
-1930772.47552779 4022325.8172999
-1936769.06495524 4025324.11201362
-1933770.77024151 4025324.11201362
-1930772.47552779 4025324.11201362
-1933770.77024151 4028322.40672735
-1930772.47552779 4028322.40672735
-1933770.77024151 4031320.70144107
-1930772.47552779 4031320.70144107
-1927774.18081406 4031320.70144107
-1930772.47552779 4034318.9961548
-1927774.18081406 4034318.9961548
-1930772.47552779 4037317.29086853
-1927774.18081406 4037317.29086853
-1930772.47552779 4040315.58558225
-1927774.18081406 4040315.58558225
-1927774.18081406 4043313.88029598
-1927774.18081406 4046312.17500971
-1924775.88610034 4046312.17500971
-1927774.18081406 4049310.46972343
-1924775.88610034 4049310.46972343
-1930772.47552779 4052308.76443716
-1927774.18081406 4052308.76443716
-1924775.88610034 4052308.76443716
-1930772.47552779 4055307.05915088
-1927774.18081406 4055307.05915088
-1924775.88610034 4055307.05915088
-1933770.77024151 4058305.35386461
-1930772.47552779 4058305.35386461
-1927774.18081406 4058305.35386461
-1924775.88610034 4058305.35386461
-1921777.59138661 4058305.35386461
-1933770.77024151 4061303.64857834
-1930772.47552779 4061303.64857834
-1927774.18081406 4061303.64857834
-1924775.88610034 4061303.64857834
-1936769.06495524 4064301.94329206
-1933770.77024151 4064301.94329206
-1930772.47552779 4064301.94329206
-1927774.18081406 4064301.94329206
-1924775.88610034 4064301.94329206
-1936769.06495524 4067300.23800579
-1933770.77024151 4067300.23800579
-1930772.47552779 4067300.23800579
-1927774.18081406 4067300.23800579
-1924775.88610034 4067300.23800579
-1942765.65438269 4070298.53271951
-1939767.35966897 4070298.53271951
-1936769.06495524 4070298.53271951
-1933770.77024151 4070298.53271951
-1930772.47552779 4070298.53271951
-1927774.18081406 4070298.53271951
-1924775.88610034 4070298.53271951
-1948762.24381014 4073296.82743324
-1945763.94909642 4073296.82743324
-1942765.65438269 4073296.82743324
-1939767.35966897 4073296.82743324
-1936769.06495524 4073296.82743324
-1933770.77024151 4073296.82743324
-1930772.47552779 4073296.82743324
-1927774.18081406 4073296.82743324
-1951760.53852387 4076295.12214697
-1948762.24381014 4076295.12214697
-1945763.94909642 4076295.12214697
-1942765.65438269 4076295.12214697
-1939767.35966897 4076295.12214697
-1936769.06495524 4076295.12214697
-1933770.77024151 4076295.12214697
-1930772.47552779 4076295.12214697
-1927774.18081406 4076295.12214697
-1954758.8332376 4079293.41686069
-1951760.53852387 4079293.41686069
-1948762.24381014 4079293.41686069
-1945763.94909642 4079293.41686069
-1942765.65438269 4079293.41686069
-1939767.35966897 4079293.41686069
-1936769.06495524 4079293.41686069
-1933770.77024151 4079293.41686069
-1930772.47552779 4079293.41686069
-1927774.18081406 4079293.41686069
-1954758.8332376 4082291.71157442
-1951760.53852387 4082291.71157442
-1948762.24381014 4082291.71157442
-1945763.94909642 4082291.71157442
-1942765.65438269 4082291.71157442
-1939767.35966897 4082291.71157442
-1936769.06495524 4082291.71157442
-1933770.77024151 4082291.71157442
-1930772.47552779 4082291.71157442
-1927774.18081406 4082291.71157442
-1954758.8332376 4085290.00628815
-1951760.53852387 4085290.00628815
-1948762.24381014 4085290.00628815
-1945763.94909642 4085290.00628815
-1942765.65438269 4085290.00628815
-1939767.35966897 4085290.00628815
-1936769.06495524 4085290.00628815
-1933770.77024151 4085290.00628815
-1930772.47552779 4085290.00628815
-1957757.12795132 4088288.30100187
-1954758.8332376 4088288.30100187
-1951760.53852387 4088288.30100187
-1948762.24381014 4088288.30100187
-1945763.94909642 4088288.30100187
-1942765.65438269 4088288.30100187
-1939767.35966897 4088288.30100187
-1936769.06495524 4088288.30100187
-1957757.12795132 4091286.5957156
-1954758.8332376 4091286.5957156
-1951760.53852387 4091286.5957156
-1948762.24381014 4091286.5957156
-1945763.94909642 4091286.5957156
-1942765.65438269 4091286.5957156
-1957757.12795132 4094284.89042932
-1954758.8332376 4094284.89042932
-1951760.53852387 4094284.89042932
-1948762.24381014 4094284.89042932
-1945763.94909642 4094284.89042932
-1942765.65438269 4094284.89042932
-1939767.35966897 4094284.89042932
-1957757.12795132 4097283.18514305
-1954758.8332376 4097283.18514305
-1951760.53852387 4097283.18514305
-1948762.24381014 4097283.18514305
-1945763.94909642 4097283.18514305
-1942765.65438269 4097283.18514305
-1939767.35966897 4097283.18514305
-1936769.06495524 4097283.18514305
-1954758.8332376 4100281.47985678
-1951760.53852387 4100281.47985678
-1948762.24381014 4100281.47985678
-1945763.94909642 4100281.47985678
-1942765.65438269 4100281.47985678
-1939767.35966897 4100281.47985678
-1936769.06495524 4100281.47985678
-1954758.8332376 4103279.7745705
-1951760.53852387 4103279.7745705
-1948762.24381014 4103279.7745705
-1945763.94909642 4103279.7745705
-1942765.65438269 4103279.7745705
-1939767.35966897 4103279.7745705
-1936769.06495524 4103279.7745705
-1933770.77024151 4103279.7745705
-1954758.8332376 4106278.06928423
-1951760.53852387 4106278.06928423
-1948762.24381014 4106278.06928423
-1945763.94909642 4106278.06928423
-1942765.65438269 4106278.06928423
-1939767.35966897 4106278.06928423
-1936769.06495524 4106278.06928423
-1933770.77024151 4106278.06928423
-1957757.12795132 4109276.36399796
-1954758.8332376 4109276.36399796
-1951760.53852387 4109276.36399796
-1948762.24381014 4109276.36399796
-1945763.94909642 4109276.36399796
-1942765.65438269 4109276.36399796
-1939767.35966897 4109276.36399796
-1936769.06495524 4109276.36399796
-1957757.12795132 4112274.65871168
-1954758.8332376 4112274.65871168
-1951760.53852387 4112274.65871168
-1948762.24381014 4112274.65871168
-1945763.94909642 4112274.65871168
-1942765.65438269 4112274.65871168
-1939767.35966897 4112274.65871168
-1936769.06495524 4112274.65871168
-1957757.12795132 4115272.95342541
-1954758.8332376 4115272.95342541
-1951760.53852387 4115272.95342541
-1948762.24381014 4115272.95342541
-1945763.94909642 4115272.95342541
-1942765.65438269 4115272.95342541
-1939767.35966897 4115272.95342541
-1936769.06495524 4115272.95342541
-1957757.12795132 4118271.24813913
-1954758.8332376 4118271.24813913
-1951760.53852387 4118271.24813913
-1948762.24381014 4118271.24813913
-1945763.94909642 4118271.24813913
-1942765.65438269 4118271.24813913
-1939767.35966897 4118271.24813913
-1936769.06495524 4118271.24813913
-1957757.12795132 4121269.54285286
-1954758.8332376 4121269.54285286
-1951760.53852387 4121269.54285286
-1948762.24381014 4121269.54285286
-1945763.94909642 4121269.54285286
-1942765.65438269 4121269.54285286
-1939767.35966897 4121269.54285286
-1957757.12795132 4124267.83756659
-1954758.8332376 4124267.83756659
-1951760.53852387 4124267.83756659
-1948762.24381014 4124267.83756659
-1945763.94909642 4124267.83756659
-1942765.65438269 4124267.83756659
-1960755.42266505 4127266.13228031
-1957757.12795132 4127266.13228031
-1954758.8332376 4127266.13228031
-1951760.53852387 4127266.13228031
-1948762.24381014 4127266.13228031
-1945763.94909642 4127266.13228031
-1960755.42266505 4130264.42699404
-1957757.12795132 4130264.42699404
-1954758.8332376 4130264.42699404
-1951760.53852387 4130264.42699404
-1948762.24381014 4130264.42699404
-1963753.71737878 4133262.72170777
-1960755.42266505 4133262.72170777
-1957757.12795132 4133262.72170777
-1954758.8332376 4133262.72170777
-1951760.53852387 4133262.72170777
-1948762.24381014 4133262.72170777
-1945763.94909642 4133262.72170777
-1963753.71737878 4136261.01642149
-1960755.42266505 4136261.01642149
-1957757.12795132 4136261.01642149
-1954758.8332376 4136261.01642149
-1948762.24381014 4136261.01642149
-1945763.94909642 4136261.01642149
-1960755.42266505 4139259.31113522
-1957757.12795132 4139259.31113522
-1967464.06002382 3871587.34022388
-1967464.06002382 3872395.42883181
-1967464.06002382 3873203.51743974
-1967464.06002382 3874011.60604767
-1967464.06002382 3874819.6946556
-1967464.06002382 3875627.78326353
-1967464.06002382 3876435.87187146
-1950268.98737238 3809641.8662264
-1950268.98737238 3812571.52840176
-1950268.98737238 3815501.19057712
-1950268.98737238 3818430.85275248
-1947339.32519702 3818430.85275248
-1947339.32519702 3821360.51492784
-1944409.66302166 3824290.17710319
-1944409.66302166 3827219.83927855
-1944409.66302166 3830149.50145391
-1944409.66302166 3833079.16362927
-1941480.0008463 3836008.82580463
-1938550.33867094 3838938.48797999
-1938550.33867094 3841868.15015535
-1938550.33867094 3844797.8123307
-1938550.33867094 3847727.47450606
-1943684.57187146 3836271.65773354
