-1113309.65570199 3572493.53045035
-1110312.47859577 3572493.53045035
-1116306.8328082 3575490.70755657
-1113309.65570199 3575490.70755657
-1110312.47859577 3575490.70755657
-1107315.30148955 3575490.70755657
-1104318.12438334 3575490.70755657
-1116306.8328082 3578487.88466278
-1113309.65570199 3578487.88466278
-1110312.47859577 3578487.88466278
-1107315.30148955 3578487.88466278
-1104318.12438334 3578487.88466278
-1101320.94727712 3578487.88466278
-1098323.77017091 3578487.88466278
-1119304.00991442 3581485.061769
-1116306.8328082 3581485.061769
-1113309.65570199 3581485.061769
-1110312.47859577 3581485.061769
-1107315.30148955 3581485.061769
-1104318.12438334 3581485.061769
-1101320.94727712 3581485.061769
-1098323.77017091 3581485.061769
-1095326.59306469 3581485.061769
-1119304.00991442 3584482.23887521
-1116306.8328082 3584482.23887521
-1113309.65570199 3584482.23887521
-1110312.47859577 3584482.23887521
-1107315.30148955 3584482.23887521
-1104318.12438334 3584482.23887521
-1101320.94727712 3584482.23887521
-1098323.77017091 3584482.23887521
-1095326.59306469 3584482.23887521
-1092329.41595848 3584482.23887521
-1089332.23885226 3584482.23887521
-1122301.18702063 3587479.41598143
-1119304.00991442 3587479.41598143
-1116306.8328082 3587479.41598143
-1113309.65570199 3587479.41598143
-1110312.47859577 3587479.41598143
-1107315.30148955 3587479.41598143
-1104318.12438334 3587479.41598143
-1101320.94727712 3587479.41598143
-1098323.77017091 3587479.41598143
-1095326.59306469 3587479.41598143
-1092329.41595848 3587479.41598143
-1089332.23885226 3587479.41598143
-1086335.06174604 3587479.41598143
-1083337.88463983 3587479.41598143
-1122301.18702063 3590476.59308765
-1119304.00991442 3590476.59308765
-1116306.8328082 3590476.59308765
-1113309.65570199 3590476.59308765
-1110312.47859577 3590476.59308765
-1107315.30148955 3590476.59308765
-1104318.12438334 3590476.59308765
-1101320.94727712 3590476.59308765
-1098323.77017091 3590476.59308765
-1095326.59306469 3590476.59308765
-1092329.41595848 3590476.59308765
-1089332.23885226 3590476.59308765
-1086335.06174604 3590476.59308765
-1083337.88463983 3590476.59308765
-1080340.70753361 3590476.59308765
-1122301.18702063 3593473.77019386
-1119304.00991442 3593473.77019386
-1116306.8328082 3593473.77019386
-1113309.65570199 3593473.77019386
-1110312.47859577 3593473.77019386
-1107315.30148955 3593473.77019386
-1104318.12438334 3593473.77019386
-1101320.94727712 3593473.77019386
-1098323.77017091 3593473.77019386
-1095326.59306469 3593473.77019386
-1092329.41595848 3593473.77019386
-1089332.23885226 3593473.77019386
-1086335.06174604 3593473.77019386
-1083337.88463983 3593473.77019386
-1080340.70753361 3593473.77019386
-1077343.5304274 3593473.77019386
-1125298.36412685 3596470.94730008
-1122301.18702063 3596470.94730008
-1119304.00991442 3596470.94730008
-1116306.8328082 3596470.94730008
-1113309.65570199 3596470.94730008
-1110312.47859577 3596470.94730008
-1107315.30148955 3596470.94730008
-1104318.12438334 3596470.94730008
-1101320.94727712 3596470.94730008
-1098323.77017091 3596470.94730008
-1095326.59306469 3596470.94730008
-1092329.41595848 3596470.94730008
-1089332.23885226 3596470.94730008
-1086335.06174604 3596470.94730008
-1083337.88463983 3596470.94730008
-1080340.70753361 3596470.94730008
-1077343.5304274 3596470.94730008
-1074346.35332118 3596470.94730008
-1071349.17621497 3596470.94730008
-1125298.36412685 3599468.12440629
-1122301.18702063 3599468.12440629
-1119304.00991442 3599468.12440629
-1116306.8328082 3599468.12440629
-1113309.65570199 3599468.12440629
-1110312.47859577 3599468.12440629
-1107315.30148955 3599468.12440629
-1104318.12438334 3599468.12440629
-1101320.94727712 3599468.12440629
-1098323.77017091 3599468.12440629
-1095326.59306469 3599468.12440629
-1092329.41595848 3599468.12440629
-1089332.23885226 3599468.12440629
-1086335.06174604 3599468.12440629
-1083337.88463983 3599468.12440629
-1080340.70753361 3599468.12440629
-1077343.5304274 3599468.12440629
-1074346.35332118 3599468.12440629
-1071349.17621497 3599468.12440629
-1068351.99910875 3599468.12440629
-1128295.54123306 3602465.30151251
-1125298.36412685 3602465.30151251
-1122301.18702063 3602465.30151251
-1119304.00991442 3602465.30151251
-1116306.8328082 3602465.30151251
-1113309.65570199 3602465.30151251
-1110312.47859577 3602465.30151251
-1107315.30148955 3602465.30151251
-1104318.12438334 3602465.30151251
-1101320.94727712 3602465.30151251
-1098323.77017091 3602465.30151251
-1095326.59306469 3602465.30151251
-1092329.41595848 3602465.30151251
-1089332.23885226 3602465.30151251
-1086335.06174604 3602465.30151251
-1083337.88463983 3602465.30151251
-1080340.70753361 3602465.30151251
-1077343.5304274 3602465.30151251
-1074346.35332118 3602465.30151251
-1071349.17621497 3602465.30151251
-1068351.99910875 3602465.30151251
-1128295.54123306 3605462.47861872
-1125298.36412685 3605462.47861872
-1122301.18702063 3605462.47861872
-1119304.00991442 3605462.47861872
-1116306.8328082 3605462.47861872
-1113309.65570199 3605462.47861872
-1110312.47859577 3605462.47861872
-1107315.30148955 3605462.47861872
-1104318.12438334 3605462.47861872
-1101320.94727712 3605462.47861872
-1098323.77017091 3605462.47861872
-1095326.59306469 3605462.47861872
-1092329.41595848 3605462.47861872
-1089332.23885226 3605462.47861872
-1086335.06174604 3605462.47861872
-1083337.88463983 3605462.47861872
-1080340.70753361 3605462.47861872
-1077343.5304274 3605462.47861872
-1074346.35332118 3605462.47861872
-1071349.17621497 3605462.47861872
-1068351.99910875 3605462.47861872
-1131292.71833928 3608459.65572494
-1128295.54123306 3608459.65572494
-1125298.36412685 3608459.65572494
-1122301.18702063 3608459.65572494
-1119304.00991442 3608459.65572494
-1116306.8328082 3608459.65572494
-1113309.65570199 3608459.65572494
-1110312.47859577 3608459.65572494
-1107315.30148955 3608459.65572494
-1104318.12438334 3608459.65572494
-1101320.94727712 3608459.65572494
-1098323.77017091 3608459.65572494
-1095326.59306469 3608459.65572494
-1092329.41595848 3608459.65572494
-1089332.23885226 3608459.65572494
-1086335.06174604 3608459.65572494
-1083337.88463983 3608459.65572494
-1080340.70753361 3608459.65572494
-1077343.5304274 3608459.65572494
-1074346.35332118 3608459.65572494
-1071349.17621497 3608459.65572494
-1068351.99910875 3608459.65572494
-1131292.71833928 3611456.83283116
-1128295.54123306 3611456.83283116
-1125298.36412685 3611456.83283116
-1122301.18702063 3611456.83283116
-1119304.00991442 3611456.83283116
-1116306.8328082 3611456.83283116
-1113309.65570199 3611456.83283116
-1110312.47859577 3611456.83283116
-1107315.30148955 3611456.83283116
-1104318.12438334 3611456.83283116
-1101320.94727712 3611456.83283116
-1098323.77017091 3611456.83283116
-1095326.59306469 3611456.83283116
-1092329.41595848 3611456.83283116
-1089332.23885226 3611456.83283116
-1086335.06174604 3611456.83283116
-1083337.88463983 3611456.83283116
-1080340.70753361 3611456.83283116
-1077343.5304274 3611456.83283116
-1074346.35332118 3611456.83283116
-1071349.17621497 3611456.83283116
-1068351.99910875 3611456.83283116
-1134289.8954455 3614454.00993737
-1131292.71833928 3614454.00993737
-1128295.54123306 3614454.00993737
-1125298.36412685 3614454.00993737
-1122301.18702063 3614454.00993737
-1119304.00991442 3614454.00993737
-1116306.8328082 3614454.00993737
-1113309.65570199 3614454.00993737
-1110312.47859577 3614454.00993737
-1107315.30148955 3614454.00993737
-1104318.12438334 3614454.00993737
-1101320.94727712 3614454.00993737
-1098323.77017091 3614454.00993737
-1095326.59306469 3614454.00993737
-1092329.41595848 3614454.00993737
-1089332.23885226 3614454.00993737
-1086335.06174604 3614454.00993737
-1083337.88463983 3614454.00993737
-1080340.70753361 3614454.00993737
-1077343.5304274 3614454.00993737
-1074346.35332118 3614454.00993737
-1071349.17621497 3614454.00993737
-1068351.99910875 3614454.00993737
-1134289.8954455 3617451.18704359
-1131292.71833928 3617451.18704359
-1128295.54123306 3617451.18704359
-1125298.36412685 3617451.18704359
-1122301.18702063 3617451.18704359
-1119304.00991442 3617451.18704359
-1116306.8328082 3617451.18704359
-1113309.65570199 3617451.18704359
-1110312.47859577 3617451.18704359
-1107315.30148955 3617451.18704359
-1104318.12438334 3617451.18704359
-1101320.94727712 3617451.18704359
-1098323.77017091 3617451.18704359
-1095326.59306469 3617451.18704359
-1092329.41595848 3617451.18704359
-1089332.23885226 3617451.18704359
-1086335.06174604 3617451.18704359
-1083337.88463983 3617451.18704359
-1080340.70753361 3617451.18704359
-1077343.5304274 3617451.18704359
-1074346.35332118 3617451.18704359
-1071349.17621497 3617451.18704359
-1068351.99910875 3617451.18704359
-1137287.07255171 3620448.3641498
-1134289.8954455 3620448.3641498
-1131292.71833928 3620448.3641498
-1128295.54123306 3620448.3641498
-1125298.36412685 3620448.3641498
-1122301.18702063 3620448.3641498
-1119304.00991442 3620448.3641498
-1116306.8328082 3620448.3641498
-1113309.65570199 3620448.3641498
-1110312.47859577 3620448.3641498
-1107315.30148955 3620448.3641498
-1104318.12438334 3620448.3641498
-1101320.94727712 3620448.3641498
-1098323.77017091 3620448.3641498
-1095326.59306469 3620448.3641498
-1092329.41595848 3620448.3641498
-1089332.23885226 3620448.3641498
-1086335.06174604 3620448.3641498
-1083337.88463983 3620448.3641498
-1080340.70753361 3620448.3641498
-1077343.5304274 3620448.3641498
-1074346.35332118 3620448.3641498
-1071349.17621497 3620448.3641498
-1137287.07255171 3623445.54125602
-1134289.8954455 3623445.54125602
-1131292.71833928 3623445.54125602
-1128295.54123306 3623445.54125602
-1125298.36412685 3623445.54125602
-1122301.18702063 3623445.54125602
-1119304.00991442 3623445.54125602
-1116306.8328082 3623445.54125602
-1113309.65570199 3623445.54125602
-1110312.47859577 3623445.54125602
-1107315.30148955 3623445.54125602
-1104318.12438334 3623445.54125602
-1101320.94727712 3623445.54125602
-1098323.77017091 3623445.54125602
-1095326.59306469 3623445.54125602
-1092329.41595848 3623445.54125602
-1089332.23885226 3623445.54125602
-1086335.06174604 3623445.54125602
-1083337.88463983 3623445.54125602
-1080340.70753361 3623445.54125602
-1077343.5304274 3623445.54125602
-1074346.35332118 3623445.54125602
-1140284.24965793 3626442.71836223
-1137287.07255171 3626442.71836223
-1134289.8954455 3626442.71836223
-1131292.71833928 3626442.71836223
-1128295.54123306 3626442.71836223
-1125298.36412685 3626442.71836223
-1122301.18702063 3626442.71836223
-1119304.00991442 3626442.71836223
-1116306.8328082 3626442.71836223
-1113309.65570199 3626442.71836223
-1110312.47859577 3626442.71836223
-1107315.30148955 3626442.71836223
-1104318.12438334 3626442.71836223
-1101320.94727712 3626442.71836223
-1098323.77017091 3626442.71836223
-1095326.59306469 3626442.71836223
-1092329.41595848 3626442.71836223
-1089332.23885226 3626442.71836223
-1086335.06174604 3626442.71836223
-1083337.88463983 3626442.71836223
-1080340.70753361 3626442.71836223
-1077343.5304274 3626442.71836223
-1074346.35332118 3626442.71836223
-1140284.24965793 3629439.89546845
-1137287.07255171 3629439.89546845
-1134289.8954455 3629439.89546845
-1131292.71833928 3629439.89546845
-1128295.54123306 3629439.89546845
-1125298.36412685 3629439.89546845
-1122301.18702063 3629439.89546845
-1119304.00991442 3629439.89546845
-1116306.8328082 3629439.89546845
-1113309.65570199 3629439.89546845
-1110312.47859577 3629439.89546845
-1107315.30148955 3629439.89546845
-1104318.12438334 3629439.89546845
-1101320.94727712 3629439.89546845
-1098323.77017091 3629439.89546845
-1095326.59306469 3629439.89546845
-1092329.41595848 3629439.89546845
-1089332.23885226 3629439.89546845
-1086335.06174604 3629439.89546845
-1083337.88463983 3629439.89546845
-1080340.70753361 3629439.89546845
-1143281.42676414 3632437.07257467
-1140284.24965793 3632437.07257467
-1137287.07255171 3632437.07257467
-1134289.8954455 3632437.07257467
-1131292.71833928 3632437.07257467
-1128295.54123306 3632437.07257467
-1125298.36412685 3632437.07257467
-1122301.18702063 3632437.07257467
-1119304.00991442 3632437.07257467
-1116306.8328082 3632437.07257467
-1113309.65570199 3632437.07257467
-1110312.47859577 3632437.07257467
-1107315.30148955 3632437.07257467
-1104318.12438334 3632437.07257467
-1101320.94727712 3632437.07257467
-1098323.77017091 3632437.07257467
-1095326.59306469 3632437.07257467
-1092329.41595848 3632437.07257467
-1089332.23885226 3632437.07257467
-1086335.06174604 3632437.07257467
-1143281.42676414 3635434.24968088
-1140284.24965793 3635434.24968088
-1137287.07255171 3635434.24968088
-1134289.8954455 3635434.24968088
-1131292.71833928 3635434.24968088
-1128295.54123306 3635434.24968088
-1125298.36412685 3635434.24968088
-1122301.18702063 3635434.24968088
-1119304.00991442 3635434.24968088
-1116306.8328082 3635434.24968088
-1113309.65570199 3635434.24968088
-1110312.47859577 3635434.24968088
-1107315.30148955 3635434.24968088
-1104318.12438334 3635434.24968088
-1101320.94727712 3635434.24968088
-1098323.77017091 3635434.24968088
-1095326.59306469 3635434.24968088
-1092329.41595848 3635434.24968088
-1146278.60387036 3638431.4267871
-1143281.42676414 3638431.4267871
-1140284.24965793 3638431.4267871
-1137287.07255171 3638431.4267871
-1134289.8954455 3638431.4267871
-1131292.71833928 3638431.4267871
-1128295.54123306 3638431.4267871
-1125298.36412685 3638431.4267871
-1122301.18702063 3638431.4267871
-1119304.00991442 3638431.4267871
-1116306.8328082 3638431.4267871
-1113309.65570199 3638431.4267871
-1110312.47859577 3638431.4267871
-1107315.30148955 3638431.4267871
-1104318.12438334 3638431.4267871
-1101320.94727712 3638431.4267871
-1098323.77017091 3638431.4267871
-1146278.60387036 3641428.60389331
-1143281.42676414 3641428.60389331
-1140284.24965793 3641428.60389331
-1137287.07255171 3641428.60389331
-1134289.8954455 3641428.60389331
-1131292.71833928 3641428.60389331
-1128295.54123306 3641428.60389331
-1125298.36412685 3641428.60389331
-1122301.18702063 3641428.60389331
-1119304.00991442 3641428.60389331
-1116306.8328082 3641428.60389331
-1113309.65570199 3641428.60389331
-1110312.47859577 3641428.60389331
-1107315.30148955 3641428.60389331
-1104318.12438334 3641428.60389331
-1101320.94727712 3641428.60389331
-1149275.78097657 3644425.78099953
-1146278.60387036 3644425.78099953
-1143281.42676414 3644425.78099953
-1140284.24965793 3644425.78099953
-1137287.07255171 3644425.78099953
-1134289.8954455 3644425.78099953
-1131292.71833928 3644425.78099953
-1128295.54123306 3644425.78099953
-1125298.36412685 3644425.78099953
-1122301.18702063 3644425.78099953
-1119304.00991442 3644425.78099953
-1116306.8328082 3644425.78099953
-1152901.021917 3553731.25664699
-1149903.20756186 3553731.25664699
-1152901.021917 3556729.07100213
-1149903.20756186 3556729.07100213
-1146905.39320672 3556729.07100213
-1143907.57885157 3556729.07100213
-1152901.021917 3559726.88535728
-1149903.20756186 3559726.88535728
-1146905.39320672 3559726.88535728
-1143907.57885157 3559726.88535728
-1140909.76449643 3559726.88535728
-1137911.95014129 3559726.88535728
-1152901.021917 3562724.69971242
-1149903.20756186 3562724.69971242
-1146905.39320672 3562724.69971242
-1143907.57885157 3562724.69971242
-1140909.76449643 3562724.69971242
-1137911.95014129 3562724.69971242
-1134914.13578614 3562724.69971242
-1131916.321431 3562724.69971242
-1149903.20756186 3565722.51406756
-1146905.39320672 3565722.51406756
-1143907.57885157 3565722.51406756
-1140909.76449643 3565722.51406756
-1137911.95014129 3565722.51406756
-1134914.13578614 3565722.51406756
-1131916.321431 3565722.51406756
-1128918.50707586 3565722.51406756
-1125920.69272071 3565722.51406756
-1149903.20756186 3568720.32842271
-1146905.39320672 3568720.32842271
-1143907.57885157 3568720.32842271
-1140909.76449643 3568720.32842271
-1137911.95014129 3568720.32842271
-1134914.13578614 3568720.32842271
-1131916.321431 3568720.32842271
-1128918.50707586 3568720.32842271
-1125920.69272071 3568720.32842271
-1122922.87836557 3568720.32842271
-1119925.06401043 3568720.32842271
-1149903.20756186 3571718.14277785
-1146905.39320672 3571718.14277785
-1143907.57885157 3571718.14277785
-1140909.76449643 3571718.14277785
-1137911.95014129 3571718.14277785
-1134914.13578614 3571718.14277785
-1131916.321431 3571718.14277785
-1128918.50707586 3571718.14277785
-1125920.69272071 3571718.14277785
-1122922.87836557 3571718.14277785
-1119925.06401043 3571718.14277785
-1116927.24965528 3571718.14277785
-1113929.43530014 3571718.14277785
-1149903.20756186 3574715.95713299
-1146905.39320672 3574715.95713299
-1143907.57885157 3574715.95713299
-1140909.76449643 3574715.95713299
-1137911.95014129 3574715.95713299
-1134914.13578614 3574715.95713299
-1131916.321431 3574715.95713299
-1128918.50707586 3574715.95713299
-1125920.69272071 3574715.95713299
-1122922.87836557 3574715.95713299
-1119925.06401043 3574715.95713299
-1116927.24965528 3574715.95713299
-1113929.43530014 3574715.95713299
-1110931.620945 3574715.95713299
-1107933.80658985 3574715.95713299
-1104935.99223471 3574715.95713299
-1149903.20756186 3577713.77148814
-1146905.39320672 3577713.77148814
-1143907.57885157 3577713.77148814
-1140909.76449643 3577713.77148814
-1137911.95014129 3577713.77148814
-1134914.13578614 3577713.77148814
-1131916.321431 3577713.77148814
-1128918.50707586 3577713.77148814
-1125920.69272071 3577713.77148814
-1122922.87836557 3577713.77148814
-1119925.06401043 3577713.77148814
-1116927.24965528 3577713.77148814
-1113929.43530014 3577713.77148814
-1110931.620945 3577713.77148814
-1107933.80658985 3577713.77148814
-1104935.99223471 3577713.77148814
-1101938.17787957 3577713.77148814
-1149903.20756186 3580711.58584328
-1146905.39320672 3580711.58584328
-1143907.57885157 3580711.58584328
-1140909.76449643 3580711.58584328
-1137911.95014129 3580711.58584328
-1134914.13578614 3580711.58584328
-1131916.321431 3580711.58584328
-1128918.50707586 3580711.58584328
-1125920.69272071 3580711.58584328
-1122922.87836557 3580711.58584328
-1119925.06401043 3580711.58584328
-1116927.24965528 3580711.58584328
-1113929.43530014 3580711.58584328
-1110931.620945 3580711.58584328
-1107933.80658985 3580711.58584328
-1104935.99223471 3580711.58584328
-1101938.17787957 3580711.58584328
-1098940.36352442 3580711.58584328
-1095942.54916928 3580711.58584328
-1149903.20756186 3583709.40019842
-1146905.39320672 3583709.40019842
-1143907.57885157 3583709.40019842
-1140909.76449643 3583709.40019842
-1137911.95014129 3583709.40019842
-1134914.13578614 3583709.40019842
-1131916.321431 3583709.40019842
-1128918.50707586 3583709.40019842
-1125920.69272071 3583709.40019842
-1122922.87836557 3583709.40019842
-1119925.06401043 3583709.40019842
-1116927.24965528 3583709.40019842
-1113929.43530014 3583709.40019842
-1110931.620945 3583709.40019842
-1107933.80658985 3583709.40019842
-1104935.99223471 3583709.40019842
-1101938.17787957 3583709.40019842
-1098940.36352442 3583709.40019842
-1095942.54916928 3583709.40019842
-1092944.73481414 3583709.40019842
-1089946.92045899 3583709.40019842
-1149903.20756186 3586707.21455357
-1146905.39320672 3586707.21455357
-1143907.57885157 3586707.21455357
-1140909.76449643 3586707.21455357
-1137911.95014129 3586707.21455357
-1134914.13578614 3586707.21455357
-1131916.321431 3586707.21455357
-1128918.50707586 3586707.21455357
-1125920.69272071 3586707.21455357
-1122922.87836557 3586707.21455357
-1119925.06401043 3586707.21455357
-1116927.24965528 3586707.21455357
-1113929.43530014 3586707.21455357
-1110931.620945 3586707.21455357
-1107933.80658985 3586707.21455357
-1104935.99223471 3586707.21455357
-1101938.17787957 3586707.21455357
-1098940.36352442 3586707.21455357
-1095942.54916928 3586707.21455357
-1092944.73481414 3586707.21455357
-1089946.92045899 3586707.21455357
-1086949.10610385 3586707.21455357
-1083951.29174871 3586707.21455357
-1149903.20756186 3589705.02890871
-1146905.39320672 3589705.02890871
-1143907.57885157 3589705.02890871
-1140909.76449643 3589705.02890871
-1137911.95014129 3589705.02890871
-1134914.13578614 3589705.02890871
-1131916.321431 3589705.02890871
-1128918.50707586 3589705.02890871
-1125920.69272071 3589705.02890871
-1122922.87836557 3589705.02890871
-1119925.06401043 3589705.02890871
-1116927.24965528 3589705.02890871
-1113929.43530014 3589705.02890871
-1110931.620945 3589705.02890871
-1107933.80658985 3589705.02890871
-1104935.99223471 3589705.02890871
-1101938.17787957 3589705.02890871
-1098940.36352442 3589705.02890871
-1095942.54916928 3589705.02890871
-1092944.73481414 3589705.02890871
-1089946.92045899 3589705.02890871
-1086949.10610385 3589705.02890871
-1083951.29174871 3589705.02890871
-1080953.47739356 3589705.02890871
-1149903.20756186 3592702.84326385
-1146905.39320672 3592702.84326385
-1143907.57885157 3592702.84326385
-1140909.76449643 3592702.84326385
-1137911.95014129 3592702.84326385
-1134914.13578614 3592702.84326385
-1131916.321431 3592702.84326385
-1128918.50707586 3592702.84326385
-1125920.69272071 3592702.84326385
-1122922.87836557 3592702.84326385
-1119925.06401043 3592702.84326385
-1116927.24965528 3592702.84326385
-1113929.43530014 3592702.84326385
-1110931.620945 3592702.84326385
-1107933.80658985 3592702.84326385
-1104935.99223471 3592702.84326385
-1101938.17787957 3592702.84326385
-1098940.36352442 3592702.84326385
-1095942.54916928 3592702.84326385
-1092944.73481414 3592702.84326385
-1089946.92045899 3592702.84326385
-1086949.10610385 3592702.84326385
-1083951.29174871 3592702.84326385
-1080953.47739356 3592702.84326385
-1077955.66303842 3592702.84326385
-1149903.20756186 3595700.657619
-1146905.39320672 3595700.657619
-1143907.57885157 3595700.657619
-1140909.76449643 3595700.657619
-1137911.95014129 3595700.657619
-1134914.13578614 3595700.657619
-1131916.321431 3595700.657619
-1128918.50707586 3595700.657619
-1125920.69272071 3595700.657619
-1122922.87836557 3595700.657619
-1119925.06401043 3595700.657619
-1116927.24965528 3595700.657619
-1113929.43530014 3595700.657619
-1110931.620945 3595700.657619
-1107933.80658985 3595700.657619
-1104935.99223471 3595700.657619
-1101938.17787957 3595700.657619
-1098940.36352442 3595700.657619
-1095942.54916928 3595700.657619
-1092944.73481414 3595700.657619
-1089946.92045899 3595700.657619
-1086949.10610385 3595700.657619
-1083951.29174871 3595700.657619
-1080953.47739356 3595700.657619
-1077955.66303842 3595700.657619
-1074957.84868328 3595700.657619
-1071960.03432813 3595700.657619
-1149903.20756186 3598698.47197414
-1146905.39320672 3598698.47197414
-1143907.57885157 3598698.47197414
-1140909.76449643 3598698.47197414
-1137911.95014129 3598698.47197414
-1134914.13578614 3598698.47197414
-1131916.321431 3598698.47197414
-1128918.50707586 3598698.47197414
-1125920.69272071 3598698.47197414
-1122922.87836557 3598698.47197414
-1119925.06401043 3598698.47197414
-1116927.24965528 3598698.47197414
-1113929.43530014 3598698.47197414
-1110931.620945 3598698.47197414
-1107933.80658985 3598698.47197414
-1104935.99223471 3598698.47197414
-1101938.17787957 3598698.47197414
-1098940.36352442 3598698.47197414
-1095942.54916928 3598698.47197414
-1092944.73481414 3598698.47197414
-1089946.92045899 3598698.47197414
-1086949.10610385 3598698.47197414
-1083951.29174871 3598698.47197414
-1080953.47739356 3598698.47197414
-1077955.66303842 3598698.47197414
-1074957.84868328 3598698.47197414
-1071960.03432813 3598698.47197414
-1068962.21997299 3598698.47197414
-1149903.20756186 3601696.28632928
-1146905.39320672 3601696.28632928
-1143907.57885157 3601696.28632928
-1140909.76449643 3601696.28632928
-1137911.95014129 3601696.28632928
-1134914.13578614 3601696.28632928
-1131916.321431 3601696.28632928
-1128918.50707586 3601696.28632928
-1125920.69272071 3601696.28632928
-1122922.87836557 3601696.28632928
-1119925.06401043 3601696.28632928
-1116927.24965528 3601696.28632928
-1113929.43530014 3601696.28632928
-1110931.620945 3601696.28632928
-1107933.80658985 3601696.28632928
-1104935.99223471 3601696.28632928
-1101938.17787957 3601696.28632928
-1098940.36352442 3601696.28632928
-1095942.54916928 3601696.28632928
-1092944.73481414 3601696.28632928
-1089946.92045899 3601696.28632928
-1086949.10610385 3601696.28632928
-1083951.29174871 3601696.28632928
-1080953.47739356 3601696.28632928
-1077955.66303842 3601696.28632928
-1074957.84868328 3601696.28632928
-1071960.03432813 3601696.28632928
-1068962.21997299 3601696.28632928
-1149903.20756186 3604694.10068443
-1146905.39320672 3604694.10068443
-1143907.57885157 3604694.10068443
-1140909.76449643 3604694.10068443
-1137911.95014129 3604694.10068443
-1134914.13578614 3604694.10068443
-1131916.321431 3604694.10068443
-1128918.50707586 3604694.10068443
-1125920.69272071 3604694.10068443
-1122922.87836557 3604694.10068443
-1119925.06401043 3604694.10068443
-1116927.24965528 3604694.10068443
-1113929.43530014 3604694.10068443
-1110931.620945 3604694.10068443
-1107933.80658985 3604694.10068443
-1104935.99223471 3604694.10068443
-1101938.17787957 3604694.10068443
-1098940.36352442 3604694.10068443
-1095942.54916928 3604694.10068443
-1092944.73481414 3604694.10068443
-1089946.92045899 3604694.10068443
-1086949.10610385 3604694.10068443
-1083951.29174871 3604694.10068443
-1080953.47739356 3604694.10068443
-1077955.66303842 3604694.10068443
-1074957.84868328 3604694.10068443
-1071960.03432813 3604694.10068443
-1068962.21997299 3604694.10068443
-1149903.20756186 3607691.91503957
-1146905.39320672 3607691.91503957
-1143907.57885157 3607691.91503957
-1140909.76449643 3607691.91503957
-1137911.95014129 3607691.91503957
-1134914.13578614 3607691.91503957
-1131916.321431 3607691.91503957
-1128918.50707586 3607691.91503957
-1125920.69272071 3607691.91503957
-1122922.87836557 3607691.91503957
-1119925.06401043 3607691.91503957
-1116927.24965528 3607691.91503957
-1113929.43530014 3607691.91503957
-1110931.620945 3607691.91503957
-1107933.80658985 3607691.91503957
-1104935.99223471 3607691.91503957
-1101938.17787957 3607691.91503957
-1098940.36352442 3607691.91503957
-1095942.54916928 3607691.91503957
-1092944.73481414 3607691.91503957
-1089946.92045899 3607691.91503957
-1086949.10610385 3607691.91503957
-1083951.29174871 3607691.91503957
-1080953.47739356 3607691.91503957
-1077955.66303842 3607691.91503957
-1074957.84868328 3607691.91503957
-1071960.03432813 3607691.91503957
-1068962.21997299 3607691.91503957
-1149903.20756186 3610689.72939471
-1146905.39320672 3610689.72939471
-1143907.57885157 3610689.72939471
-1140909.76449643 3610689.72939471
-1137911.95014129 3610689.72939471
-1134914.13578614 3610689.72939471
-1131916.321431 3610689.72939471
-1128918.50707586 3610689.72939471
-1125920.69272071 3610689.72939471
-1122922.87836557 3610689.72939471
-1119925.06401043 3610689.72939471
-1116927.24965528 3610689.72939471
-1113929.43530014 3610689.72939471
-1110931.620945 3610689.72939471
-1107933.80658985 3610689.72939471
-1104935.99223471 3610689.72939471
-1101938.17787957 3610689.72939471
-1098940.36352442 3610689.72939471
-1095942.54916928 3610689.72939471
-1092944.73481414 3610689.72939471
-1089946.92045899 3610689.72939471
-1086949.10610385 3610689.72939471
-1083951.29174871 3610689.72939471
-1080953.47739356 3610689.72939471
-1077955.66303842 3610689.72939471
-1074957.84868328 3610689.72939471
-1071960.03432813 3610689.72939471
-1068962.21997299 3610689.72939471
-1149903.20756186 3613687.54374986
-1146905.39320672 3613687.54374986
-1143907.57885157 3613687.54374986
-1140909.76449643 3613687.54374986
-1137911.95014129 3613687.54374986
-1134914.13578614 3613687.54374986
-1131916.321431 3613687.54374986
-1128918.50707586 3613687.54374986
-1125920.69272071 3613687.54374986
-1122922.87836557 3613687.54374986
-1119925.06401043 3613687.54374986
-1116927.24965528 3613687.54374986
-1113929.43530014 3613687.54374986
-1110931.620945 3613687.54374986
-1107933.80658985 3613687.54374986
-1104935.99223471 3613687.54374986
-1101938.17787957 3613687.54374986
-1098940.36352442 3613687.54374986
-1095942.54916928 3613687.54374986
-1092944.73481414 3613687.54374986
-1089946.92045899 3613687.54374986
-1086949.10610385 3613687.54374986
-1083951.29174871 3613687.54374986
-1080953.47739356 3613687.54374986
-1077955.66303842 3613687.54374986
-1074957.84868328 3613687.54374986
-1071960.03432813 3613687.54374986
-1068962.21997299 3613687.54374986
-1149903.20756186 3616685.358105
-1146905.39320672 3616685.358105
-1143907.57885157 3616685.358105
-1140909.76449643 3616685.358105
-1137911.95014129 3616685.358105
-1134914.13578614 3616685.358105
-1131916.321431 3616685.358105
-1128918.50707586 3616685.358105
-1125920.69272071 3616685.358105
-1122922.87836557 3616685.358105
-1119925.06401043 3616685.358105
-1116927.24965528 3616685.358105
-1113929.43530014 3616685.358105
-1110931.620945 3616685.358105
-1107933.80658985 3616685.358105
-1104935.99223471 3616685.358105
-1101938.17787957 3616685.358105
-1098940.36352442 3616685.358105
-1095942.54916928 3616685.358105
-1092944.73481414 3616685.358105
-1089946.92045899 3616685.358105
-1086949.10610385 3616685.358105
-1083951.29174871 3616685.358105
-1080953.47739356 3616685.358105
-1077955.66303842 3616685.358105
-1074957.84868328 3616685.358105
-1071960.03432813 3616685.358105
-1068962.21997299 3616685.358105
-1149903.20756186 3619683.17246014
-1146905.39320672 3619683.17246014
-1143907.57885157 3619683.17246014
-1140909.76449643 3619683.17246014
-1137911.95014129 3619683.17246014
-1134914.13578614 3619683.17246014
-1131916.321431 3619683.17246014
-1128918.50707586 3619683.17246014
-1125920.69272071 3619683.17246014
-1122922.87836557 3619683.17246014
-1119925.06401043 3619683.17246014
-1116927.24965528 3619683.17246014
-1113929.43530014 3619683.17246014
-1110931.620945 3619683.17246014
-1107933.80658985 3619683.17246014
-1104935.99223471 3619683.17246014
-1101938.17787957 3619683.17246014
-1098940.36352442 3619683.17246014
-1095942.54916928 3619683.17246014
-1092944.73481414 3619683.17246014
-1089946.92045899 3619683.17246014
-1086949.10610385 3619683.17246014
-1083951.29174871 3619683.17246014
-1080953.47739356 3619683.17246014
-1077955.66303842 3619683.17246014
-1074957.84868328 3619683.17246014
-1071960.03432813 3619683.17246014
-1149903.20756186 3622680.98681528
-1146905.39320672 3622680.98681528
-1143907.57885157 3622680.98681528
-1140909.76449643 3622680.98681528
-1137911.95014129 3622680.98681528
-1134914.13578614 3622680.98681528
-1131916.321431 3622680.98681528
-1128918.50707586 3622680.98681528
-1125920.69272071 3622680.98681528
-1122922.87836557 3622680.98681528
-1119925.06401043 3622680.98681528
-1116927.24965528 3622680.98681528
-1113929.43530014 3622680.98681528
-1110931.620945 3622680.98681528
-1107933.80658985 3622680.98681528
-1104935.99223471 3622680.98681528
-1101938.17787957 3622680.98681528
-1098940.36352442 3622680.98681528
-1095942.54916928 3622680.98681528
-1092944.73481414 3622680.98681528
-1089946.92045899 3622680.98681528
-1086949.10610385 3622680.98681528
-1083951.29174871 3622680.98681528
-1080953.47739356 3622680.98681528
-1077955.66303842 3622680.98681528
-1074957.84868328 3622680.98681528
-1071960.03432813 3622680.98681528
-1149903.20756186 3625678.80117043
-1146905.39320672 3625678.80117043
-1143907.57885157 3625678.80117043
-1140909.76449643 3625678.80117043
-1137911.95014129 3625678.80117043
-1134914.13578614 3625678.80117043
-1131916.321431 3625678.80117043
-1128918.50707586 3625678.80117043
-1125920.69272071 3625678.80117043
-1122922.87836557 3625678.80117043
-1119925.06401043 3625678.80117043
-1116927.24965528 3625678.80117043
-1113929.43530014 3625678.80117043
-1110931.620945 3625678.80117043
-1107933.80658985 3625678.80117043
-1104935.99223471 3625678.80117043
-1101938.17787957 3625678.80117043
-1098940.36352442 3625678.80117043
-1095942.54916928 3625678.80117043
-1092944.73481414 3625678.80117043
-1089946.92045899 3625678.80117043
-1086949.10610385 3625678.80117043
-1083951.29174871 3625678.80117043
-1080953.47739356 3625678.80117043
-1077955.66303842 3625678.80117043
-1074957.84868328 3625678.80117043
-1149903.20756186 3628676.61552557
-1146905.39320672 3628676.61552557
-1143907.57885157 3628676.61552557
-1140909.76449643 3628676.61552557
-1137911.95014129 3628676.61552557
-1134914.13578614 3628676.61552557
-1131916.321431 3628676.61552557
-1128918.50707586 3628676.61552557
-1125920.69272071 3628676.61552557
-1122922.87836557 3628676.61552557
-1119925.06401043 3628676.61552557
-1116927.24965528 3628676.61552557
-1113929.43530014 3628676.61552557
-1110931.620945 3628676.61552557
-1107933.80658985 3628676.61552557
-1104935.99223471 3628676.61552557
-1101938.17787957 3628676.61552557
-1098940.36352442 3628676.61552557
-1095942.54916928 3628676.61552557
-1092944.73481414 3628676.61552557
-1089946.92045899 3628676.61552557
-1086949.10610385 3628676.61552557
-1083951.29174871 3628676.61552557
-1080953.47739356 3628676.61552557
-1077955.66303842 3628676.61552557
-1146905.39320672 3631674.42988071
-1143907.57885157 3631674.42988071
-1140909.76449643 3631674.42988071
-1137911.95014129 3631674.42988071
-1134914.13578614 3631674.42988071
-1131916.321431 3631674.42988071
-1128918.50707586 3631674.42988071
-1125920.69272071 3631674.42988071
-1122922.87836557 3631674.42988071
-1119925.06401043 3631674.42988071
-1116927.24965528 3631674.42988071
-1113929.43530014 3631674.42988071
-1110931.620945 3631674.42988071
-1107933.80658985 3631674.42988071
-1104935.99223471 3631674.42988071
-1101938.17787957 3631674.42988071
-1098940.36352442 3631674.42988071
-1095942.54916928 3631674.42988071
-1092944.73481414 3631674.42988071
-1089946.92045899 3631674.42988071
-1086949.10610385 3631674.42988071
-1083951.29174871 3631674.42988071
-1146905.39320672 3634672.24423586
-1143907.57885157 3634672.24423586
-1140909.76449643 3634672.24423586
-1137911.95014129 3634672.24423586
-1134914.13578614 3634672.24423586
-1131916.321431 3634672.24423586
-1128918.50707586 3634672.24423586
-1125920.69272071 3634672.24423586
-1122922.87836557 3634672.24423586
-1119925.06401043 3634672.24423586
-1116927.24965528 3634672.24423586
-1113929.43530014 3634672.24423586
-1110931.620945 3634672.24423586
-1107933.80658985 3634672.24423586
-1104935.99223471 3634672.24423586
-1101938.17787957 3634672.24423586
-1098940.36352442 3634672.24423586
-1095942.54916928 3634672.24423586
-1092944.73481414 3634672.24423586
-1089946.92045899 3634672.24423586
-1146905.39320672 3637670.058591
-1143907.57885157 3637670.058591
-1140909.76449643 3637670.058591
-1137911.95014129 3637670.058591
-1134914.13578614 3637670.058591
-1131916.321431 3637670.058591
-1128918.50707586 3637670.058591
-1125920.69272071 3637670.058591
-1122922.87836557 3637670.058591
-1119925.06401043 3637670.058591
-1116927.24965528 3637670.058591
-1113929.43530014 3637670.058591
-1110931.620945 3637670.058591
-1107933.80658985 3637670.058591
-1104935.99223471 3637670.058591
-1101938.17787957 3637670.058591
-1098940.36352442 3637670.058591
-1095942.54916928 3637670.058591
-1146905.39320672 3640667.87294615
-1143907.57885157 3640667.87294615
-1140909.76449643 3640667.87294615
-1137911.95014129 3640667.87294615
-1134914.13578614 3640667.87294615
-1131916.321431 3640667.87294615
-1128918.50707586 3640667.87294615
-1125920.69272071 3640667.87294615
-1122922.87836557 3640667.87294615
-1119925.06401043 3640667.87294615
-1116927.24965528 3640667.87294615
-1113929.43530014 3640667.87294615
-1110931.620945 3640667.87294615
-1107933.80658985 3640667.87294615
-1104935.99223471 3640667.87294615
-1101938.17787957 3640667.87294615
-1146905.39320672 3643665.68730129
-1143907.57885157 3643665.68730129
-1140909.76449643 3643665.68730129
-1137911.95014129 3643665.68730129
-1134914.13578614 3643665.68730129
-1131916.321431 3643665.68730129
-1128918.50707586 3643665.68730129
-1125920.69272071 3643665.68730129
-1122922.87836557 3643665.68730129
-1119925.06401043 3643665.68730129
-1116927.24965528 3643665.68730129
-1113929.43530014 3643665.68730129
